0 0.802734375 0.1184895828125 0.796875 0.1002604171875 0.7880859375 0.0859375 0.7294921875 0.1302083328125 0.720703125 0.1471354171875 0.73046875 0.1705729171875 0.7490234375 0.1744791671875 0.7724609375 0.1588541671875 0.802734375 0.1184895828125
0 0.70703125 0.1106770828125 0.6904296875 0.08072916718749999 0.63671875 0.1471354171875 0.638671875 0.16796875 0.6494140625 0.1796875 0.6572265625 0.1796875 0.70703125 0.1106770828125
0 0.798828125 0.23307291718749998 0.7880859375 0.2109375 0.7705078125 0.2109375 0.7265625 0.26953125 0.7373046875 0.296875 0.7548828125 0.2942708328125 0.798828125 0.23307291718749998
0 0.7998046875 0.3984375 0.7998046875 0.3541666671875 0.7255859375 0.3567708328125 0.72265625 0.3919270828125 0.7998046875 0.3984375
0 0.705078125 0.22265625 0.6982421875 0.21354166718749998 0.6806640625 0.20052083281250002 0.669921875 0.20963541718749998 0.642578125 0.2721354171875 0.640625 0.2877604171875 0.6474609375 0.296875 0.6630859375 0.3046875 0.69921875 0.2513020828125 0.705078125 0.22265625
0 0.6875 0.41796875 0.6826171875 0.3255208328125 0.654296875 0.33203125 0.6591796875 0.4322916671875 0.6787109375 0.4322916671875 0.6875 0.41796875
0 0.59375 0.2981770828125 0.595703125 0.20182291718749998 0.5712890625 0.20052083281250002 0.564453125 0.20963541718749998 0.5693359375 0.3046875 0.59375 0.2981770828125
0 0.6220703125 0.3828125 0.623046875 0.3528645828125 0.6064453125 0.3333333328125 0.5771484375 0.3333333328125 0.537109375 0.37109375 0.537109375 0.3971354171875 0.5537109375 0.4140625 0.5712890625 0.4166666671875 0.6220703125 0.3828125
0 0.615234375 0.14453125 0.6142578125 0.1067708328125 0.5498046875 0.1041666671875 0.54296875 0.1184895828125 0.54296875 0.1549479171875 0.6083984375 0.15625 0.615234375 0.14453125
0 0.8125 0.64453125 0.810546875 0.6236979171875 0.7978515625 0.5989583328125 0.7509765625 0.6015625 0.72265625 0.6393229171875 0.724609375 0.6783854171875 0.7607421875 0.6822916671875 0.7880859375 0.6666666671875 0.8125 0.64453125
0 0.798828125 0.7643229171875 0.798828125 0.7174479171875 0.7646484375 0.7005208328125 0.724609375 0.7513020828125 0.724609375 0.7903645828125 0.7373046875 0.8151041671874999 0.7607421875 0.8177083328125001 0.798828125 0.7643229171875
0 0.7998046875 0.9088541671874999 0.798828125 0.8606770828125001 0.7822265625 0.8489583328125001 0.7255859375 0.859375 0.72265625 0.8893229171874999 0.7333984375 0.9088541671874999 0.7998046875 0.9088541671874999
0 0.70703125 0.6236979171875 0.705078125 0.6158854171875 0.6806640625 0.59375 0.642578125 0.6419270828125 0.63671875 0.6627604171875 0.6611328125 0.6848958328125 0.70703125 0.6236979171875
0 0.69921875 0.7486979171875 0.6962890625 0.7161458328125 0.66796875 0.71484375 0.640625 0.77734375 0.6455078125 0.7994791671875 0.671875 0.8111979171874999 0.69921875 0.7486979171875
0 0.6875 0.9309895828125001 0.685546875 0.83984375 0.6787109375 0.8307291671874999 0.654296875 0.8346354171874999 0.6591796875 0.9348958328125001 0.6875 0.9309895828125001
0 0.6123046875 0.6614583328125 0.61328125 0.62109375 0.5458984375 0.6197916671875 0.54296875 0.6549479171875 0.6123046875 0.6614583328125
0 0.59375 0.8111979171874999 0.59375 0.71484375 0.564453125 0.7122395828125 0.5673828125 0.8125 0.59375 0.8111979171874999
0 0.625 0.8736979171874999 0.61328125 0.8372395828125001 0.5927734375 0.8333333328125001 0.5400390625 0.8645833328125001 0.5390625 0.9153645828125001 0.5517578125 0.9322916671874999 0.5654296875 0.9348958328125001 0.6181640625 0.9010416671874999 0.625 0.8736979171874999
0 0.4228515625 0.1510416671875 0.4228515625 0.09895833281250001 0.4111328125 0.0859375 0.3779296875 0.08072916718749999 0.3427734375 0.1145833328125 0.3359375 0.1419270828125 0.353515625 0.1809895828125 0.3701171875 0.1848958328125 0.4228515625 0.1510416671875
0 0.42578125 0.24348958281250002 0.412109375 0.20182291718749998 0.3759765625 0.20052083281250002 0.337890625 0.2513020828125 0.337890625 0.2825520828125 0.3544921875 0.3020833328125 0.3857421875 0.2994791671875 0.42578125 0.24348958281250002
0 0.42578125 0.3919270828125 0.4228515625 0.3515625 0.3408203125 0.3489583328125 0.33984375 0.3971354171875 0.4189453125 0.4010416671875 0.42578125 0.3919270828125
0 0.32421875 0.1471354171875 0.32421875 0.08463541718749999 0.3076171875 0.06510416718749999 0.2900390625 0.06510416718749999 0.251953125 0.1184895828125 0.25 0.1393229171875 0.2646484375 0.1822916671875 0.2958984375 0.1848958328125 0.32421875 0.1471354171875
0 0.326171875 0.24609375 0.32421875 0.21744791718749998 0.3095703125 0.20052083281250002 0.2783203125 0.20052083281250002 0.25 0.27734375 0.2666015625 0.2994791671875 0.2958984375 0.3020833328125 0.314453125 0.2799479171875 0.326171875 0.24609375
0 0.236328125 0.1184895828125 0.2275390625 0.1067708328125 0.1611328125 0.1067708328125 0.158203125 0.14453125 0.1689453125 0.15625 0.2353515625 0.1588541671875 0.236328125 0.1184895828125
0 0.2265625 0.30859375 0.224609375 0.21484375 0.2197265625 0.1979166671875 0.177734375 0.20703125 0.177734375 0.29296875 0.1904296875 0.3151041671875 0.2265625 0.30859375
0 0.23828125 0.3763020828125 0.236328125 0.3346354171875 0.1884765625 0.3333333328125 0.1484375 0.37109375 0.1484375 0.38671875 0.1689453125 0.4192708328125 0.2216796875 0.4010416671875 0.23828125 0.3763020828125
0 0.3125 0.4309895828125 0.3125 0.3190104171875 0.263671875 0.31640625 0.2666015625 0.4322916671875 0.3125 0.4309895828125
0 0.42578125 0.6263020828125 0.412109375 0.6002604171875 0.3779296875 0.5989583328125 0.3408203125 0.6302083328125 0.337890625 0.66796875 0.3525390625 0.6822916671875 0.3740234375 0.6822916671875 0.4228515625 0.6510416671875 0.42578125 0.6263020828125
0 0.326171875 0.60546875 0.314453125 0.5846354171875 0.2880859375 0.5833333328125 0.25 0.6341145828125 0.248046875 0.6783854171875 0.2646484375 0.6979166671875 0.2998046875 0.6822916671875 0.32421875 0.6497395828125 0.326171875 0.60546875
0 0.236328125 0.6549479171875 0.2333984375 0.6171875 0.1630859375 0.6197916671875 0.158203125 0.66015625 0.2294921875 0.6614583328125 0.236328125 0.6549479171875
0 0.42578125 0.74609375 0.4228515625 0.7317708328125 0.3896484375 0.7005208328125 0.337890625 0.76953125 0.337890625 0.7955729171875 0.3544921875 0.8177083328125001 0.3720703125 0.8177083328125001 0.42578125 0.74609375
0 0.42578125 0.85546875 0.4208984375 0.8489583328125001 0.3388671875 0.8489583328125001 0.33984375 0.91015625 0.4228515625 0.9166666671874999 0.42578125 0.85546875
0 0.326171875 0.7486979171875 0.32421875 0.7174479171875 0.3076171875 0.6979166671875 0.2880859375 0.7005208328125 0.275390625 0.7174479171875 0.25 0.7903645828125 0.2626953125 0.8177083328125001 0.30078125 0.8111979171874999 0.326171875 0.7486979171875
0 0.306640625 0.9205729171874999 0.3056640625 0.8333333328125001 0.2841796875 0.8307291671874999 0.271484375 0.8424479171874999 0.267578125 0.9283854171874999 0.2724609375 0.9348958328125001 0.2998046875 0.9348958328125001 0.306640625 0.9205729171874999
0 0.224609375 0.8138020828125001 0.224609375 0.7044270828125 0.1943359375 0.6979166671875 0.173828125 0.7200520828125 0.1787109375 0.8151041671874999 0.224609375 0.8138020828125001
0 0.2353515625 0.9010416671874999 0.2353515625 0.8359375 0.2158203125 0.8333333328125001 0.1650390625 0.8645833328125001 0.154296875 0.8971354171874999 0.1640625 0.92578125 0.1845703125 0.9348958328125001 0.2353515625 0.9010416671874999