2 0.275390625 0.1184895828125 0.2412109375 0.08072916718749999 0.2197265625 0.0703125 0.201171875 0.08463541718749999 0.19921875 0.1783854171875 0.2607421875 0.1822916671875 0.275390625 0.14453125 0.275390625 0.1184895828125
2 0.275390625 0.24869791718749998 0.2333984375 0.1979166671875 0.201171875 0.20182291718749998 0.2001953125 0.3020833328125 0.2431640625 0.3020833328125 0.275390625 0.2643229171875 0.275390625 0.24869791718749998
2 0.2470703125 0.4322916671875 0.26171875 0.3997395828125 0.26171875 0.35546875 0.2470703125 0.34375 0.20703125 0.3450520828125 0.19921875 0.3815104171875 0.2109375 0.4127604171875 0.2294921875 0.4322916671875 0.2470703125 0.4322916671875
2 0.361328125 0.12109375 0.3154296875 0.07291666718749999 0.287109375 0.1002604171875 0.2919921875 0.1848958328125 0.3349609375 0.1822916671875 0.361328125 0.1471354171875 0.361328125 0.12109375
2 0.3603515625 0.28125 0.361328125 0.25390625 0.349609375 0.21744791718749998 0.3310546875 0.1979166671875 0.3017578125 0.20052083281250002 0.287109375 0.22005208281250002 0.287109375 0.2981770828125 0.3310546875 0.2994791671875 0.3603515625 0.28125
2 0.361328125 0.3971354171875 0.361328125 0.3528645828125 0.3349609375 0.3177083328125 0.3154296875 0.3203125 0.275390625 0.3528645828125 0.2734375 0.37890625 0.3154296875 0.4192708328125 0.3466796875 0.4166666671875 0.361328125 0.3971354171875
2 0.44140625 0.16015625 0.4375 0.09244791718749999 0.3994140625 0.08854166718749999 0.388671875 0.1106770828125 0.384765625 0.13671875 0.4150390625 0.1848958328125 0.4267578125 0.1848958328125 0.44140625 0.16015625
2 0.447265625 0.22005208281250002 0.4345703125 0.1979166671875 0.3876953125 0.21875 0.37890625 0.23567708281250002 0.376953125 0.2591145828125 0.3896484375 0.2838541671875 0.44921875 0.2825520828125 0.447265625 0.22005208281250002
2 0.44921875 0.3997395828125 0.44921875 0.3528645828125 0.4267578125 0.3307291671875 0.3955078125 0.3307291671875 0.388671875 0.33984375 0.38671875 0.42578125 0.4072265625 0.4348958328125 0.4384765625 0.4192708328125 0.44921875 0.3997395828125
2 0.275390625 0.6471354171875 0.275390625 0.6184895828125 0.2587890625 0.5989583328125 0.201171875 0.6028645828125 0.2041015625 0.6979166671875 0.2158203125 0.7005208328125 0.2470703125 0.6822916671875 0.275390625 0.6471354171875
2 0.2734375 0.7513020828125 0.2490234375 0.7161458328125 0.2021484375 0.7161458328125 0.201171875 0.8138020828125001 0.2314453125 0.8177083328125001 0.2734375 0.7643229171875 0.2734375 0.7513020828125
2 0.36328125 0.6471354171875 0.36328125 0.62109375 0.3466796875 0.5989583328125 0.30078125 0.6028645828125 0.28515625 0.63671875 0.2900390625 0.7005208328125 0.3369140625 0.6822916671875 0.36328125 0.6471354171875
2 0.3466796875 0.7135416671875 0.3056640625 0.7161458328125 0.287109375 0.7486979171875 0.2890625 0.7955729171875 0.3134765625 0.8151041671874999 0.36328125 0.7799479171875 0.3466796875 0.7135416671875
2 0.26171875 0.90234375 0.26171875 0.85546875 0.2138671875 0.8489583328125001 0.19921875 0.8684895828125001 0.19921875 0.9309895828125001 0.2275390625 0.9505208328125001 0.2451171875 0.9505208328125001 0.26171875 0.90234375
2 0.361328125 0.89453125 0.361328125 0.8528645828125001 0.3330078125 0.8307291671874999 0.3134765625 0.8333333328125001 0.275390625 0.8658854171874999 0.2734375 0.8971354171874999 0.3017578125 0.9322916671874999 0.3447265625 0.9322916671874999 0.361328125 0.89453125
2 0.451171875 0.6627604171875 0.451171875 0.6002604171875 0.3984375 0.6028645828125 0.373046875 0.6393229171875 0.38671875 0.68359375 0.4306640625 0.7005208328125 0.451171875 0.6627604171875
2 0.44921875 0.7330729171875 0.4326171875 0.7135416671875 0.3896484375 0.7317708328125 0.375 0.7513020828125 0.373046875 0.7825520828125 0.3896484375 0.8020833328125001 0.44921875 0.79296875 0.44921875 0.7330729171875
2 0.44921875 0.8502604171874999 0.4189453125 0.8333333328125001 0.3896484375 0.8489583328125001 0.38671875 0.9466145828125001 0.4091796875 0.9505208328125001 0.447265625 0.91015625 0.44921875 0.8502604171874999
2 0.6484375 0.09244791718749999 0.6220703125 0.06770833281250001 0.587890625 0.08463541718749999 0.587890625 0.1783854171875 0.6220703125 0.1822916671875 0.650390625 0.14453125 0.6484375 0.09244791718749999
2 0.65625 0.23828125 0.650390625 0.22005208281250002 0.6337890625 0.1979166671875 0.587890625 0.20182291718749998 0.587890625 0.2955729171875 0.6240234375 0.296875 0.650390625 0.2643229171875 0.65625 0.23828125
2 0.6484375 0.3893229171875 0.650390625 0.3346354171875 0.6083984375 0.3307291671875 0.5869140625 0.3489583328125 0.578125 0.3684895828125 0.5771484375 0.3854166671875 0.6142578125 0.4296875 0.6318359375 0.4348958328125 0.6484375 0.3893229171875
2 0.748046875 0.39453125 0.75 0.3372395828125 0.7216796875 0.3151041671875 0.7021484375 0.3177083328125 0.6669921875 0.3489583328125 0.662109375 0.37890625 0.6904296875 0.4166666671875 0.7236328125 0.4166666671875 0.748046875 0.39453125
2 0.7353515625 0.2864583328125 0.75390625 0.2591145828125 0.7314453125 0.20052083281250002 0.6865234375 0.1979166671875 0.673828125 0.24348958281250002 0.671875 0.27734375 0.6806640625 0.3020833328125 0.7099609375 0.3020833328125 0.7353515625 0.2864583328125
2 0.748046875 0.10546875 0.7197265625 0.0703125 0.67578125 0.08723958281250001 0.6748046875 0.1822916671875 0.7080078125 0.1822916671875 0.748046875 0.1315104171875 0.748046875 0.10546875
2 0.8115234375 0.1848958328125 0.8359375 0.13671875 0.837890625 0.08984375 0.7978515625 0.08854166718749999 0.775390625 0.1080729171875 0.767578125 0.13671875 0.77734375 0.16015625 0.7978515625 0.1848958328125 0.8115234375 0.1848958328125
2 0.837890625 0.2591145828125 0.8359375 0.22005208281250002 0.8115234375 0.20052083281250002 0.763671875 0.24088541718749998 0.76171875 0.2591145828125 0.7802734375 0.2838541671875 0.8212890625 0.28125 0.837890625 0.2591145828125
2 0.8193359375 0.4192708328125 0.8515625 0.3815104171875 0.8515625 0.35546875 0.8310546875 0.3333333328125 0.7802734375 0.3307291671875 0.763671875 0.35546875 0.76171875 0.3971354171875 0.7783203125 0.4348958328125 0.7978515625 0.4348958328125 0.8193359375 0.4192708328125
2 0.650390625 0.6549479171875 0.650390625 0.5872395828125 0.6298828125 0.5807291671875 0.587890625 0.6028645828125 0.587890625 0.6627604171875 0.6181640625 0.6848958328125 0.6318359375 0.6848958328125 0.650390625 0.6549479171875
2 0.748046875 0.6653645828125 0.7490234375 0.5833333328125 0.6748046875 0.5989583328125 0.673828125 0.6497395828125 0.7001953125 0.6822916671875 0.7314453125 0.6848958328125 0.748046875 0.6653645828125
2 0.837890625 0.6184895828125 0.8212890625 0.5807291671875 0.7880859375 0.5807291671875 0.763671875 0.6184895828125 0.7646484375 0.6666666671875 0.7880859375 0.6822916671875 0.837890625 0.6783854171875 0.837890625 0.6184895828125
2 0.66015625 0.7799479171875 0.6591796875 0.71875 0.5888671875 0.7161458328125 0.5859375 0.77734375 0.6025390625 0.7994791671875 0.6298828125 0.8098958328125001 0.66015625 0.7799479171875
2 0.75 0.7981770828125 0.76171875 0.7356770828125 0.7490234375 0.7161458328125 0.6943359375 0.7135416671875 0.67578125 0.7330729171875 0.673828125 0.7669270828125 0.7001953125 0.8151041671874999 0.7197265625 0.8177083328125001 0.75 0.7981770828125
2 0.853515625 0.7591145828125 0.8154296875 0.7135416671875 0.7900390625 0.7161458328125 0.775390625 0.7356770828125 0.7763671875 0.7994791671875 0.8310546875 0.7994791671875 0.85546875 0.77734375 0.853515625 0.7591145828125
2 0.6484375 0.9309895828125001 0.6474609375 0.8489583328125001 0.6181640625 0.828125 0.5859375 0.8528645828125001 0.57421875 0.87109375 0.57421875 0.8919270828125001 0.6005859375 0.9348958328125001 0.6484375 0.9309895828125001
2 0.7451171875 0.9348958328125001 0.7578125 0.8971354171874999 0.755859375 0.87109375 0.7216796875 0.8307291671874999 0.69921875 0.8372395828125001 0.689453125 0.8528645828125001 0.689453125 0.90234375 0.697265625 0.9231770828125001 0.7451171875 0.9348958328125001
2 0.841796875 0.8919270828125001 0.83203125 0.83984375 0.8173828125 0.8359375 0.7783203125 0.8541666671874999 0.7734375 0.8893229171874999 0.8056640625 0.9270833328125001 0.8251953125 0.9322916671874999 0.841796875 0.8919270828125001