1 0.87890625 0.10546875 0.861328125 0.0481770828125 0.8544921875 0.0338541671875 0.8408203125 0.0338541671875 0.7880859375 0.07291666718749999 0.763671875 0.11328125 0.759765625 0.13671875 0.7841796875 0.1927083328125 0.875 0.1263020828125 0.87890625 0.10546875
1 0.775390625 0.09244791718749999 0.7734375 0.08203125 0.7294921875 0.03125 0.68359375 0.09244791718749999 0.66796875 0.1419270828125 0.7021484375 0.1875 0.751953125 0.13671875 0.775390625 0.09244791718749999
1 0.666015625 0.1236979171875 0.6650390625 0.046875 0.59375 0.05338541718749999 0.5859375 0.08984375 0.5888671875 0.1796875 0.650390625 0.1731770828125 0.666015625 0.1236979171875
1 0.666015625 0.2669270828125 0.6630859375 0.1822916671875 0.595703125 0.1861979171875 0.5859375 0.21744791718749998 0.5908203125 0.2994791671875 0.6357421875 0.2994791671875 0.658203125 0.2825520828125 0.666015625 0.2669270828125
1 0.77734375 0.21744791718749998 0.7744140625 0.20572916718749998 0.7236328125 0.1744791671875 0.6953125 0.20182291718749998 0.669921875 0.2747395828125 0.7197265625 0.3125 0.748046875 0.28515625 0.77734375 0.21744791718749998
1 0.8359375 0.1666666671875 0.809375 0.1875 0.7703125 0.2479166671875 0.76875 0.2666666671875 0.7890625 0.30625 0.7890625 0.2958333328125 0.8109375 0.2958333328125 0.7921875 0.3104166671875 0.7953125 0.31875 0.80625 0.31875 0.840625 0.28958333281250004 0.8796875 0.23333333281250002 0.8796875 0.225 0.8359375 0.1666666671875
1 0.81796875 0.3734375 0.1015625 0.12421875
1 0.71953125 0.37109375 0.09375 0.128125
1 0.621875 0.37421875 0.1078125 0.1296875
1 0.8765625 0.6833333328125 0.875 0.6541666671875 0.8421875 0.59375 0.8203125 0.5833333328125 0.79375 0.5895833328125 0.7609375 0.6208333328125 0.76875 0.6770833328125 0.8203125 0.7145833328125 0.8765625 0.6833333328125
1 0.796875 0.6479166671875001 0.79375 0.6375 0.7328125 0.5875 0.70625 0.58125 0.6703125 0.61875 0.66875 0.65 0.70625 0.7041666671875 0.7375 0.7229166671875 0.796875 0.6479166671875001
1 0.6625 0.7041666671875 0.665625 0.6083333328125 0.64375 0.59375 0.5859375 0.5958333328125 0.584375 0.6895833328125 0.5921875 0.6979166671875 0.6625 0.7041666671875
1 0.878125 0.8041666671875 0.8765625 0.7770833328125 0.8375 0.7270833328124999 0.7953125 0.7020833328125 0.75625 0.75 0.75625 0.7645833328125 0.775 0.7958333328125 0.83125 0.8479166671874999 0.8453125 0.8479166671874999 0.878125 0.8041666671875
1 0.7703125 0.775 0.7625 0.7541666671875 0.69375 0.7020833328125 0.6703125 0.75625 0.66875 0.7833333328125 0.69375 0.81875 0.7453125 0.8416666671874999 0.7703125 0.775
1 0.675 0.9520833328125 0.675 0.9229166671875 0.65 0.8645833328125001 0.628125 0.8375 0.6015625 0.8333333328125001 0.5765625 0.8604166671875 0.575 0.88125 0.590625 0.9354166671874999 0.6203125 0.9729166671874999 0.675 0.9520833328125
1 0.4609375 0.1541666671875 0.4609375 0.1125 0.425 0.0354166671875 0.365625 0.075 0.3875 0.14791666718750002 0.4015625 0.1708333328125 0.4609375 0.1541666671875
1 0.2734375 0.18125 0.271875 0.11041666718750001 0.2671875 0.08541666718749999 0.25 0.058333332812500006 0.1796875 0.05625 0.178125 0.1145833328125 0.1921875 0.18125 0.2734375 0.18125
1 0.4546875 0.425 0.4578125 0.3291666671875 0.4421875 0.3125 0.421875 0.3083333328125 0.3703125 0.3166666671875 0.3640625 0.3270833328125 0.36875 0.42291666718750004 0.3890625 0.43125 0.4546875 0.425
1 0.365625 0.3375 0.35625 0.325 0.340625 0.3145833328125 0.2765625 0.31875 0.278125 0.4125 0.3078125 0.4270833328125 0.3640625 0.425 0.365625 0.3375
1 0.2796875 0.40625 0.28125 0.375 0.259375 0.3270833328125 0.23125 0.30416666718749996 0.2125 0.30625 0.1625 0.3479166671875 0.1921875 0.425 0.2078125 0.43333333281249997 0.2390625 0.43541666718750005 0.2796875 0.40625
1 0.2703125 0.6854166671875 0.2703125 0.5958333328125 0.2171875 0.59375 0.1765625 0.6104166671875 0.175 0.7020833328125 0.240625 0.7020833328125 0.2703125 0.6854166671875
1 0.375 0.7520833328125 0.371875 0.7354166671875 0.328125 0.7041666671875 0.315625 0.7083333328125 0.2890625 0.74375 0.265625 0.8104166671874999 0.30625 0.8416666671874999 0.334375 0.8375 0.375 0.7520833328125
1 0.4625 0.7958333328125 0.465625 0.7541666671875 0.4265625 0.6791666671875001 0.3703125 0.7604166671875 0.359375 0.7979166671875 0.396875 0.8395833328125001 0.4296875 0.8375 0.4625 0.7958333328125
1 0.28125 0.7645833328125 0.275 0.7229166671875 0.2671875 0.7145833328125 0.1890625 0.7083333328125 0.1765625 0.7583333328124999 0.1796875 0.8375 0.190625 0.8458333328125001 0.2234375 0.84375 0.25 0.83125 0.271875 0.8020833328125001 0.28125 0.7645833328125
1 0.45625 0.9375 0.4578125 0.85625 0.4484375 0.8416666671874999 0.3875 0.8479166671874999 0.353125 0.9729166671874999 0.4265625 0.9833333328125 0.440625 0.9770833328125 0.45625 0.9375
1 0.2875 0.9083333328125001 0.2859375 0.8666666671875 0.2703125 0.8375 0.2515625 0.8291666671875 0.16875 0.8833333328125 0.153125 0.9083333328125001 0.17345302499999998 0.9329619015624999 0.18671386875 0.9556994859374999 0.20625 0.9916666671875 0.2609375 0.9520833328125 0.2875 0.9083333328125001
1 0.31640625 0.10859375 0.11171875 0.14765625
1 0.4203125 0.2375 0.1046875 0.1359375
1 0.31953125 0.23359375 0.09140625 0.13203125
1 0.22734375 0.2375 0.10625 0.1359375
1 0.42109375 0.6390625 0.1 0.1375
1 0.32109375 0.640625 0.0984375 0.13671875
1 0.325 0.90234375 0.09140625 0.15546875
1 0.821875 0.91015625 0.09921875 0.159375
1 0.71875 0.90078125 0.08671875 0.15703125
1 0.621875 0.78046875 0.08359375 0.1234375