3 0.1672424140625 0.069466346875 0.1875 0.1572265625 0.2314453125 0.193359375 0.28515625 0.1572265625 0.2509765625 0.078125 0.2297320390625 0.031989871875 0.1672424140625 0.069466346875
1 0.26953125 0.1123046875 0.2275390625 0.025390625 0.181640625 0.0615234375 0.181640625 0.0927734375 0.205078125 0.1650390625 0.2294921875 0.19140625 0.2373046875 0.19140625 0.28515625 0.1552734375 0.26953125 0.1123046875
3 0.333984375 0.0751953125 0.3203125 0.0732421875 0.302734375 0.0927734375 0.302734375 0.1591796875 0.3291015625 0.171875 0.3642578125 0.162109375 0.361328125 0.1240234375 0.333984375 0.0751953125
3 0.451171875 0.1044921875 0.4208984375 0.068359375 0.4140625 0.0732421875 0.3984375 0.0908203125 0.3984375 0.1630859375 0.4052734375 0.18359375 0.4189453125 0.18359375 0.45703125 0.1591796875 0.451171875 0.1044921875
3 0.2421875 0.2001953125 0.2265625 0.1982421875 0.20703125 0.2197265625 0.20703125 0.2861328125 0.2373046875 0.302734375 0.27734375 0.2783203125 0.27734375 0.2587890625 0.2421875 0.2001953125
3 0.458984375 0.2451171875 0.4228515625 0.1953125 0.412109375 0.2001953125 0.3984375 0.2177734375 0.3984375 0.2900390625 0.4052734375 0.30078125 0.4169921875 0.302734375 0.45703125 0.2783203125 0.458984375 0.2451171875
3 0.453125 0.3662109375 0.421875 0.3134765625 0.4140625 0.3134765625 0.396484375 0.3486328125 0.396484375 0.4130859375 0.4052734375 0.421875 0.4189453125 0.421875 0.45703125 0.3974609375 0.453125 0.3662109375
1 0.255859375 0.3212890625 0.2314453125 0.3046875 0.2138671875 0.3046875 0.16796875 0.3408203125 0.17578125 0.3798828125 0.193359375 0.4189453125 0.2041015625 0.427734375 0.2353515625 0.43359375 0.283203125 0.3955078125 0.255859375 0.3212890625
1 0.345703125 0.3212890625 0.3330078125 0.30859375 0.3095703125 0.306640625 0.2802734375 0.330078125 0.267578125 0.3486328125 0.294921875 0.4228515625 0.3134765625 0.435546875 0.3349609375 0.431640625 0.373046875 0.3916015625 0.345703125 0.3212890625
1 0.35546875 0.2197265625 0.3232421875 0.18359375 0.2978515625 0.185546875 0.267578125 0.2080078125 0.267578125 0.2255859375 0.2958984375 0.279296875 0.3232421875 0.2890625 0.3603515625 0.287109375 0.373046875 0.2763671875 0.35546875 0.2197265625
1 0.1748046875 0.091796875 0.1796875 0.0771484375 0.1708984375 0.07421875 0.16796875 0.0849609375 0.1748046875 0.091796875
1 0.1669921875 0.119140625 0.1646716203125 0.0981914046875 0.15625 0.1142578125 0.185546875 0.1572265625 0.234375 0.1943359375 0.2841796875 0.16015625 0.28515625 0.1494140625 0.2255859375 0.02734375 0.166015625 0.0771484375 0.17578125 0.1103515625 0.1669921875 0.119140625
1 0.6806640625 0.33984375 0.666015625 0.3583984375 0.67578125 0.4033203125 0.689453125 0.4306640625 0.697265625 0.4326171875 0.7373046875 0.41796875 0.77734375 0.3818359375 0.76953125 0.3447265625 0.7431640625 0.30078125 0.6962890625 0.3359375 0.6806640625 0.33984375
1 0.8427734375 0.166015625 0.8330078125 0.166015625 0.8271484375 0.1796875 0.7919921875 0.201171875 0.755859375 0.2392578125 0.75390625 0.2587890625 0.76171875 0.2626953125 0.765625 0.2822265625 0.7890625 0.3134765625 0.8388671875 0.283203125 0.8603515625 0.26171875 0.8720703125 0.26171875 0.884765625 0.2470703125 0.8515625 0.1728515625 0.8427734375 0.166015625
0 0.830078125 0.1552734375 0.84375 0.1396484375 0.8408203125 0.107421875 0.7783203125 0.10546875 0.767578125 0.1123046875 0.7666015625 0.15625 0.830078125 0.1552734375
0 0.587890625 0.2177734375 0.58984375 0.2333984375 0.60546875 0.2666015625 0.6015625 0.2763671875 0.61328125 0.2861328125 0.619140625 0.3017578125 0.626953125 0.3017578125 0.6376953125 0.294921875 0.650390625 0.2958984375 0.650390625 0.2763671875 0.619140625 0.2041015625 0.6064453125 0.201171875 0.587890625 0.2177734375
0 0.7685546875 0.396484375 0.828125 0.3955078125 0.841796875 0.3896484375 0.8408203125 0.35546875 0.7734375 0.3564453125 0.77734375 0.3818359375 0.765625 0.3916015625 0.7685546875 0.396484375
1 0.265625 0.6748046875 0.3115234375 0.70703125 0.33203125 0.7060546875 0.359375 0.6669921875 0.373046875 0.6162109375 0.3251953125 0.58203125 0.3173828125 0.58203125 0.294921875 0.5966796875 0.265625 0.6748046875
1 0.2998046875 0.833984375 0.326171875 0.8486328125 0.375 0.7431640625 0.3330078125 0.708984375 0.3134765625 0.7109375 0.298828125 0.7255859375 0.265625 0.8017578125 0.2998046875 0.833984375
1 0.189453125 0.8623046875 0.19140625 0.8759765625 0.16796875 0.9306640625 0.1728515625 0.943359375 0.224609375 0.9814453125 0.259765625 0.9267578125 0.283203125 0.8681640625 0.283203125 0.8603515625 0.2724609375 0.849609375 0.2353515625 0.822265625 0.189453125 0.8623046875
1 0.42578125 0.8486328125 0.462890625 0.7685546875 0.46484375 0.7412109375 0.4111328125 0.701171875 0.365234375 0.8056640625 0.3935546875 0.83203125 0.42578125 0.8486328125
0 0.2470703125 0.60546875 0.1962890625 0.6484375 0.1875 0.6396484375 0.1875 0.6572265625 0.19921875 0.6650390625 0.19921875 0.6826171875 0.205078125 0.6845703125 0.2236328125 0.681640625 0.2509765625 0.65234375 0.267578125 0.6494140625 0.28125 0.6220703125 0.2666015625 0.6015625 0.2470703125 0.60546875
0 0.2529296875 0.71484375 0.2216796875 0.751953125 0.189453125 0.7626953125 0.1875 0.7744140625 0.19921875 0.7802734375 0.20703125 0.8115234375 0.2080078125 0.8046875 0.2275390625 0.798828125 0.27734375 0.7529296875 0.2685546875 0.72265625 0.2568359375 0.72265625 0.2529296875 0.71484375
0 0.427734375 0.6103515625 0.384765625 0.6455078125 0.3828125 0.6552734375 0.3984375 0.6806640625 0.4306640625 0.662109375 0.45703125 0.6357421875 0.45703125 0.6220703125 0.4443359375 0.6015625 0.4267578125 0.6015625 0.427734375 0.6103515625
0 0.3037109375 0.87109375 0.291015625 0.8857421875 0.29296875 0.9072265625 0.30859375 0.9306640625 0.365234375 0.8818359375 0.3671875 0.8642578125 0.3583984375 0.841796875 0.3525390625 0.83984375 0.3193359375 0.8671875 0.3037109375 0.87109375
0 0.380859375 0.8896484375 0.38671875 0.9111328125 0.400390625 0.9267578125 0.455078125 0.8857421875 0.4609375 0.8525390625 0.4541015625 0.853515625 0.4462890625 0.841796875 0.4306640625 0.84765625 0.380859375 0.8896484375
0 0.58203125 0.6201171875 0.58984375 0.6455078125 0.64453125 0.6787109375 0.658203125 0.6474609375 0.6396484375 0.625 0.6142578125 0.61328125 0.6064453125 0.599609375 0.5947265625 0.6015625 0.58203125 0.6201171875
0 0.767578125 0.6611328125 0.8427734375 0.66015625 0.841796875 0.6240234375 0.8330078125 0.61328125 0.8251953125 0.619140625 0.7666015625 0.619140625 0.767578125 0.6611328125
3 0.5810546875 0.75390625 0.576171875 0.7705078125 0.5927734375 0.794921875 0.6025390625 0.79296875 0.615234375 0.8056640625 0.615234375 0.8212890625 0.62890625 0.8251953125 0.646484375 0.8193359375 0.646484375 0.7666015625 0.658203125 0.7412109375 0.6513671875 0.73046875 0.6220703125 0.724609375 0.5810546875 0.75390625
0 0.736328125 0.8017578125 0.75 0.7705078125 0.6962890625 0.7265625 0.6826171875 0.72265625 0.673828125 0.7412109375 0.67578125 0.7568359375 0.736328125 0.8017578125
0 0.84375 0.7705078125 0.7724609375 0.716796875 0.765625 0.7255859375 0.763671875 0.7529296875 0.83203125 0.8017578125 0.84375 0.7705078125
0 0.646484375 0.9267578125 0.658203125 0.8994140625 0.658203125 0.8818359375 0.5947265625 0.83984375 0.583984375 0.8525390625 0.5859375 0.8857421875 0.646484375 0.9267578125
0 0.748046875 0.9072265625 0.748046875 0.8720703125 0.7392578125 0.859375 0.673828125 0.8623046875 0.673828125 0.8955078125 0.6806640625 0.908203125 0.748046875 0.9072265625
0 0.7744140625 0.83984375 0.76171875 0.8662109375 0.767578125 0.8857421875 0.7822265625 0.890625 0.830078125 0.9267578125 0.845703125 0.9052734375 0.849609375 0.8876953125 0.8388671875 0.88671875 0.8212890625 0.865234375 0.8095703125 0.865234375 0.7744140625 0.83984375
1 0.1796875 0.1103515625 0.17578125 0.1376953125 0.1875 0.1591796875 0.2294921875 0.1953125 0.236328125 0.1943359375 0.2841796875 0.16015625 0.28515625 0.1513671875 0.23046875 0.0302734375 0.2236328125 0.025390625 0.166015625 0.0791015625 0.1796875 0.1103515625