2 0.32421875 0.1474609375 0.32421875 0.0986328125 0.2939453125 0.078125 0.26171875 0.0791015625 0.25390625 0.1103515625 0.2734375 0.1533203125 0.2900390625 0.169921875 0.32421875 0.1474609375
2 0.416015625 0.0947265625 0.3837890625 0.07421875 0.353515625 0.0771484375 0.349609375 0.1337890625 0.3798828125 0.173828125 0.40625 0.1474609375 0.416015625 0.0947265625
1 0.234375 0.2177734375 0.2109375 0.1787109375 0.1337890625 0.181640625 0.130859375 0.2724609375 0.1591796875 0.30078125 0.2314453125 0.298828125 0.234375 0.2177734375
1 0.23046875 0.3330078125 0.2041015625 0.31640625 0.1357421875 0.31640625 0.1328125 0.4033203125 0.1494140625 0.416015625 0.2314453125 0.419921875 0.23046875 0.3330078125
1 0.421875 0.3388671875 0.3740234375 0.302734375 0.3583984375 0.30078125 0.3515625 0.3037109375 0.328125 0.3583984375 0.328125 0.3857421875 0.3955078125 0.435546875 0.423828125 0.3681640625 0.421875 0.3388671875
1 0.322265625 0.3349609375 0.3017578125 0.31640625 0.2353515625 0.318359375 0.234375 0.4052734375 0.2685546875 0.421875 0.3193359375 0.421875 0.322265625 0.3349609375
0 0.216796875 0.5947265625 0.2080078125 0.587890625 0.1787109375 0.58984375 0.177734375 0.6865234375 0.2080078125 0.6875 0.216796875 0.6806640625 0.216796875 0.5947265625
0 0.2705078125 0.587890625 0.271484375 0.6865234375 0.3037109375 0.6875 0.306640625 0.5927734375 0.2705078125 0.587890625
0 0.3662109375 0.587890625 0.365234375 0.6865234375 0.3935546875 0.6875 0.396484375 0.5869140625 0.3662109375 0.587890625
0 0.216796875 0.7197265625 0.2138671875 0.712890625 0.1884765625 0.712890625 0.177734375 0.7236328125 0.17578125 0.8115234375 0.2041015625 0.8125 0.216796875 0.7978515625 0.216796875 0.7197265625
0 0.306640625 0.7138671875 0.2685546875 0.716796875 0.271484375 0.8095703125 0.3037109375 0.8125 0.3125 0.8037109375 0.306640625 0.7138671875
0 0.396484375 0.7158203125 0.3701171875 0.712890625 0.365234375 0.7197265625 0.365234375 0.8115234375 0.3935546875 0.810546875 0.3984375 0.8076171875 0.396484375 0.7158203125
0 0.216796875 0.8369140625 0.1904296875 0.83203125 0.181640625 0.8408203125 0.177734375 0.9345703125 0.2060546875 0.935546875 0.21484375 0.9228515625 0.216796875 0.8369140625
0 0.306640625 0.8349609375 0.275390625 0.8369140625 0.271484375 0.9345703125 0.2978515625 0.935546875 0.310546875 0.9248046875 0.306640625 0.8349609375
0 0.3662109375 0.826171875 0.36328125 0.9306640625 0.3916015625 0.935546875 0.396484375 0.8349609375 0.3662109375 0.826171875
3 0.607421875 0.6201171875 0.5830078125 0.587890625 0.572265625 0.5908203125 0.54296875 0.6416015625 0.541015625 0.6669921875 0.5771484375 0.701171875 0.603515625 0.6884765625 0.607421875 0.6201171875
3 0.603515625 0.8798828125 0.5849609375 0.833984375 0.568359375 0.8330078125 0.54296875 0.8798828125 0.5390625 0.9208984375 0.5849609375 0.94921875 0.5986328125 0.94921875 0.603515625 0.8798828125
3 0.603515625 0.7548828125 0.5830078125 0.7109375 0.56640625 0.7158203125 0.544921875 0.7568359375 0.546875 0.7978515625 0.5830078125 0.8203125 0.6025390625 0.822265625 0.603515625 0.7548828125
0 0.6171875 0.1474609375 0.611328125 0.1220703125 0.5693359375 0.087890625 0.5576171875 0.087890625 0.544921875 0.1103515625 0.54296875 0.1318359375 0.5693359375 0.16015625 0.6025390625 0.173828125 0.6171875 0.1474609375
2 0.623046875 0.2431640625 0.6103515625 0.21484375 0.5830078125 0.201171875 0.564453125 0.2080078125 0.55859375 0.2822265625 0.5927734375 0.287109375 0.62109375 0.2587890625 0.623046875 0.2431640625
0 0.6083984375 0.412109375 0.62109375 0.3779296875 0.5927734375 0.349609375 0.5693359375 0.3359375 0.5546875 0.3388671875 0.5390625 0.3662109375 0.54296875 0.3720703125 0.5927734375 0.412109375 0.6083984375 0.412109375
2 0.6826171875 0.162109375 0.6953125 0.1552734375 0.69921875 0.0908203125 0.6826171875 0.064453125 0.662109375 0.0673828125 0.63671875 0.1201171875 0.63671875 0.1337890625 0.6513671875 0.162109375 0.6826171875 0.162109375
2 0.6845703125 0.28515625 0.69921875 0.2607421875 0.69921875 0.2236328125 0.681640625 0.1884765625 0.6689453125 0.19140625 0.650390625 0.2158203125 0.63671875 0.2451171875 0.64453125 0.2744140625 0.6513671875 0.28125 0.6845703125 0.28515625
2 0.69921875 0.3935546875 0.69921875 0.3505859375 0.6806640625 0.3125 0.66796875 0.3134765625 0.638671875 0.3642578125 0.63671875 0.3818359375 0.6533203125 0.40234375 0.6845703125 0.40234375 0.69921875 0.3935546875
0 0.7470703125 0.087890625 0.73046875 0.1044921875 0.72265625 0.1318359375 0.7802734375 0.173828125 0.802734375 0.1318359375 0.7470703125 0.087890625
0 0.791015625 0.2861328125 0.80078125 0.2646484375 0.80078125 0.2529296875 0.7587890625 0.212890625 0.7333984375 0.21484375 0.716796875 0.2412109375 0.71484375 0.2568359375 0.7216796875 0.263671875 0.7763671875 0.294921875 0.791015625 0.2861328125
0 0.7880859375 0.412109375 0.802734375 0.3779296875 0.7607421875 0.33984375 0.7412109375 0.3359375 0.7265625 0.3427734375 0.72265625 0.3720703125 0.728515625 0.3818359375 0.7724609375 0.412109375 0.7880859375 0.412109375
2 0.6845703125 0.5859375 0.6708984375 0.5859375 0.650390625 0.6142578125 0.6533203125 0.671875 0.6962890625 0.671875 0.720703125 0.6494140625 0.6845703125 0.5859375
2 0.716796875 0.7724609375 0.720703125 0.7529296875 0.6767578125 0.712890625 0.650390625 0.7353515625 0.6484375 0.7763671875 0.65625 0.7958984375 0.6943359375 0.80078125 0.716796875 0.7724609375
3 0.69921875 0.8798828125 0.6875 0.8330078125 0.6767578125 0.828125 0.650390625 0.8544921875 0.62890625 0.8798828125 0.640625 0.9228515625 0.6943359375 0.94921875 0.69921875 0.8798828125
2 0.810546875 0.8974609375 0.8125 0.8798828125 0.7646484375 0.83984375 0.7412109375 0.853515625 0.73828125 0.9189453125 0.7568359375 0.927734375 0.7919921875 0.927734375 0.810546875 0.8974609375
2 0.7900390625 0.80078125 0.80859375 0.7744140625 0.80859375 0.7568359375 0.7705078125 0.716796875 0.7587890625 0.716796875 0.73828125 0.7373046875 0.73828125 0.7822265625 0.7568359375 0.80078125 0.7900390625 0.80078125
2 0.7919921875 0.671875 0.810546875 0.6376953125 0.7724609375 0.595703125 0.755859375 0.5966796875 0.73828125 0.6162109375 0.73828125 0.6591796875 0.7451171875 0.671875 0.7919921875 0.671875