1 0.7861328125 0.8203125 0.7314453125 0.822265625 0.7265625 0.9052734375 0.75 0.9462890625 0.8203125 0.9501953125 0.81640625 0.8505859375 0.7861328125 0.8203125
1 0.822265625 0.7275390625 0.7880859375 0.701171875 0.7275390625 0.701171875 0.724609375 0.7783203125 0.73046875 0.7919921875 0.7529296875 0.818359375 0.8212890625 0.81640625 0.822265625 0.7275390625
2 0.798828125 0.6201171875 0.7646484375 0.59375 0.7294921875 0.591796875 0.724609375 0.6044921875 0.7421875 0.6611328125 0.7568359375 0.66796875 0.78515625 0.6572265625 0.798828125 0.6201171875
3 0.6865234375 0.8203125 0.63671875 0.8330078125 0.6708984375 0.91796875 0.6923828125 0.923828125 0.703125 0.8955078125 0.70703125 0.8564453125 0.6865234375 0.8203125
2 0.69921875 0.7626953125 0.701171875 0.7431640625 0.6708984375 0.71484375 0.6591796875 0.7109375 0.634765625 0.7177734375 0.6328125 0.7294921875 0.6572265625 0.79296875 0.6845703125 0.791015625 0.69921875 0.7626953125
2 0.703125 0.6181640625 0.6669921875 0.591796875 0.6376953125 0.591796875 0.6328125 0.6064453125 0.650390625 0.6630859375 0.6650390625 0.66796875 0.69140625 0.6572265625 0.703125 0.6181640625
2 0.61328125 0.8603515625 0.599609375 0.8232421875 0.5498046875 0.828125 0.546875 0.8544921875 0.5703125 0.9130859375 0.5947265625 0.923828125 0.60546875 0.9150390625 0.61328125 0.8603515625
3 0.611328125 0.7294921875 0.599609375 0.7021484375 0.5556640625 0.705078125 0.544921875 0.7197265625 0.572265625 0.7880859375 0.5927734375 0.798828125 0.60546875 0.7900390625 0.611328125 0.7294921875
1 0.6064453125 0.580078125 0.5498046875 0.580078125 0.544921875 0.6611328125 0.55078125 0.6806640625 0.6181640625 0.68359375 0.62109375 0.5908203125 0.6064453125 0.580078125
2 0.796875 0.3837890625 0.798828125 0.3447265625 0.7705078125 0.3203125 0.7607421875 0.322265625 0.748046875 0.3330078125 0.732421875 0.3701171875 0.740234375 0.4072265625 0.7509765625 0.41015625 0.796875 0.3837890625
2 0.6669921875 0.322265625 0.64453125 0.3662109375 0.6484375 0.4091796875 0.6552734375 0.412109375 0.703125 0.3837890625 0.703125 0.3427734375 0.6669921875 0.322265625
2 0.5732421875 0.3203125 0.552734375 0.3681640625 0.552734375 0.4033203125 0.5654296875 0.41015625 0.611328125 0.3818359375 0.607421875 0.3447265625 0.5732421875 0.3203125
2 0.798828125 0.2158203125 0.7724609375 0.193359375 0.7626953125 0.193359375 0.732421875 0.2509765625 0.73828125 0.2822265625 0.7490234375 0.287109375 0.794921875 0.2626953125 0.798828125 0.2158203125
2 0.6689453125 0.19140625 0.64453125 0.2451171875 0.646484375 0.2822265625 0.6572265625 0.287109375 0.701171875 0.2626953125 0.703125 0.2158203125 0.6689453125 0.19140625
1 0.5537109375 0.166015625 0.546875 0.1923828125 0.546875 0.2822265625 0.6064453125 0.28515625 0.619140625 0.2646484375 0.62109375 0.1689453125 0.5537109375 0.166015625
2 0.80078125 0.0908203125 0.7626953125 0.06640625 0.732421875 0.1298828125 0.740234375 0.1611328125 0.7490234375 0.1640625 0.7919921875 0.140625 0.798828125 0.1298828125 0.80078125 0.0908203125
2 0.6689453125 0.064453125 0.642578125 0.1142578125 0.646484375 0.1591796875 0.6572265625 0.1640625 0.703125 0.1357421875 0.705078125 0.0908203125 0.6689453125 0.064453125
2 0.5732421875 0.06640625 0.5546875 0.1123046875 0.556640625 0.1630859375 0.5654296875 0.1640625 0.609375 0.1376953125 0.611328125 0.0869140625 0.5732421875 0.06640625
0 0.4150390625 0.36328125 0.3623046875 0.322265625 0.3515625 0.3251953125 0.34375 0.3525390625 0.3544921875 0.36328125 0.4013671875 0.3984375 0.416015625 0.3779296875 0.4150390625 0.36328125
0 0.326171875 0.3779296875 0.328125 0.3701171875 0.3076171875 0.3515625 0.2685546875 0.322265625 0.259765625 0.3232421875 0.25 0.3525390625 0.2626953125 0.36328125 0.3115234375 0.3984375 0.326171875 0.3779296875
0 0.2294921875 0.361328125 0.1845703125 0.326171875 0.16796875 0.3212890625 0.15625 0.3466796875 0.1650390625 0.359375 0.2216796875 0.3984375 0.236328125 0.3779296875 0.2294921875 0.361328125
0 0.41015625 0.2294921875 0.3544921875 0.197265625 0.34375 0.2314453125 0.4013671875 0.279296875 0.4140625 0.2626953125 0.41796875 0.2490234375 0.41015625 0.2294921875
0 0.328125 0.2451171875 0.2626953125 0.197265625 0.25 0.2216796875 0.25390625 0.2333984375 0.3095703125 0.27734375 0.3173828125 0.27734375 0.32421875 0.2626953125 0.328125 0.2451171875
0 0.15625 0.2275390625 0.2216796875 0.279296875 0.232421875 0.2685546875 0.236328125 0.2470703125 0.1689453125 0.197265625 0.15625 0.2275390625
0 0.416015625 0.1376953125 0.416015625 0.1181640625 0.4033203125 0.10546875 0.3623046875 0.07421875 0.3515625 0.0771484375 0.341796875 0.1025390625 0.3486328125 0.119140625 0.4033203125 0.16015625 0.416015625 0.1376953125
2 0.2998046875 0.154296875 0.306640625 0.1416015625 0.31640625 0.1201171875 0.306640625 0.0908203125 0.2783203125 0.06640625 0.2509765625 0.07421875 0.24609375 0.0966796875 0.263671875 0.1474609375 0.2841796875 0.16015625 0.2998046875 0.154296875
0 0.23828125 0.1298828125 0.232421875 0.1201171875 0.1689453125 0.072265625 0.15625 0.0986328125 0.158203125 0.1103515625 0.2216796875 0.16015625 0.234375 0.1435546875 0.23828125 0.1298828125
3 0.41796875 0.8818359375 0.419921875 0.8662109375 0.40234375 0.8408203125 0.3837890625 0.8203125 0.3642578125 0.8203125 0.341796875 0.8818359375 0.33984375 0.9091796875 0.3935546875 0.91015625 0.41796875 0.8818359375
3 0.326171875 0.8818359375 0.328125 0.8662109375 0.310546875 0.8388671875 0.2919921875 0.818359375 0.2783203125 0.81640625 0.259765625 0.8388671875 0.244140625 0.9091796875 0.2998046875 0.91015625 0.326171875 0.8818359375
3 0.2021484375 0.91015625 0.234375 0.8798828125 0.236328125 0.8662109375 0.220703125 0.8388671875 0.2001953125 0.818359375 0.1826171875 0.8203125 0.1640625 0.8408203125 0.1484375 0.8876953125 0.1484375 0.9091796875 0.2021484375 0.91015625
1 0.4140625 0.7861328125 0.4140625 0.7041015625 0.3525390625 0.701171875 0.333984375 0.7255859375 0.333984375 0.8154296875 0.4013671875 0.818359375 0.40625 0.8115234375 0.4140625 0.7861328125
1 0.328125 0.7431640625 0.2900390625 0.697265625 0.2802734375 0.697265625 0.259765625 0.7119140625 0.244140625 0.7822265625 0.2958984375 0.78515625 0.3232421875 0.759765625 0.328125 0.7431640625
1 0.328125 0.7431640625 0.2900390625 0.697265625 0.2802734375 0.697265625 0.259765625 0.7119140625 0.244140625 0.7822265625 0.2958984375 0.78515625 0.3232421875 0.759765625 0.328125 0.7431640625
2 0.328125 0.7431640625 0.2900390625 0.697265625 0.2802734375 0.697265625 0.259765625 0.7119140625 0.244140625 0.7822265625 0.2958984375 0.78515625 0.3232421875 0.759765625 0.328125 0.7431640625
1 0.234375 0.7841796875 0.2314453125 0.701171875 0.1708984375 0.701171875 0.130859375 0.7275390625 0.1357421875 0.818359375 0.2001953125 0.818359375 0.216796875 0.8037109375 0.234375 0.7841796875
3 0.41796875 0.6181640625 0.3828125 0.5791015625 0.3642578125 0.578125 0.35546875 0.5849609375 0.33984375 0.6533203125 0.3916015625 0.658203125 0.41796875 0.6337890625 0.41796875 0.6181640625
3 0.326171875 0.6162109375 0.294921875 0.5830078125 0.2724609375 0.578125 0.259765625 0.5849609375 0.244140625 0.6552734375 0.2939453125 0.658203125 0.3271484375 0.634765625 0.326171875 0.6162109375
3 0.234375 0.6337890625 0.234375 0.6181640625 0.205078125 0.5810546875 0.1806640625 0.578125 0.1640625 0.5849609375 0.1484375 0.6513671875 0.1533203125 0.658203125 0.2001953125 0.658203125 0.234375 0.6337890625