0 0.26953125 0.1705729171875 0.279296875 0.1471354171875 0.2705078125 0.1302083328125 0.2119140625 0.0859375 0.203125 0.1002604171875 0.197265625 0.1184895828125 0.2275390625 0.1588541671875 0.2509765625 0.1744791671875 0.26953125 0.1705729171875
0 0.361328125 0.16796875 0.36328125 0.1471354171875 0.3095703125 0.08072916718749999 0.29296875 0.1106770828125 0.3427734375 0.1796875 0.3505859375 0.1796875 0.361328125 0.16796875
0 0.2734375 0.26953125 0.2294921875 0.2109375 0.2119140625 0.2109375 0.201171875 0.23307291718749998 0.2451171875 0.2942708328125 0.2626953125 0.296875 0.2734375 0.26953125
0 0.2001953125 0.3541666671875 0.2001953125 0.3984375 0.27734375 0.3919270828125 0.2744140625 0.3567708328125 0.2001953125 0.3541666671875
0 0.3525390625 0.296875 0.359375 0.2877604171875 0.357421875 0.2721354171875 0.330078125 0.20963541718749998 0.3193359375 0.20052083281250002 0.3017578125 0.21354166718749998 0.294921875 0.22265625 0.30078125 0.2513020828125 0.3369140625 0.3046875 0.3525390625 0.296875
0 0.345703125 0.33203125 0.3173828125 0.3255208328125 0.3125 0.41796875 0.3212890625 0.4322916671875 0.3408203125 0.4322916671875 0.345703125 0.33203125
0 0.4287109375 0.20052083281250002 0.404296875 0.20182291718749998 0.40625 0.2981770828125 0.4306640625 0.3046875 0.435546875 0.20963541718749998 0.4287109375 0.20052083281250002
0 0.462890625 0.3971354171875 0.462890625 0.37109375 0.4228515625 0.3333333328125 0.3935546875 0.3333333328125 0.376953125 0.3528645828125 0.3779296875 0.3828125 0.4287109375 0.4166666671875 0.4462890625 0.4140625 0.462890625 0.3971354171875
0 0.45703125 0.1184895828125 0.4501953125 0.1041666671875 0.3857421875 0.1067708328125 0.384765625 0.14453125 0.3916015625 0.15625 0.45703125 0.1549479171875 0.45703125 0.1184895828125
0 0.275390625 0.6783854171875 0.27734375 0.6393229171875 0.2490234375 0.6015625 0.2021484375 0.5989583328125 0.189453125 0.6236979171875 0.1875 0.64453125 0.2119140625 0.6666666671875 0.2392578125 0.6822916671875 0.275390625 0.6783854171875
0 0.275390625 0.7903645828125 0.275390625 0.7513020828125 0.2353515625 0.7005208328125 0.201171875 0.7174479171875 0.201171875 0.7643229171875 0.2392578125 0.8177083328125001 0.2626953125 0.8151041671874999 0.275390625 0.7903645828125
0 0.2744140625 0.859375 0.2177734375 0.8489583328125001 0.201171875 0.8606770828125001 0.2001953125 0.9088541671874999 0.2666015625 0.9088541671874999 0.27734375 0.8893229171874999 0.2744140625 0.859375
0 0.357421875 0.6419270828125 0.3193359375 0.59375 0.294921875 0.6158854171875 0.29296875 0.6236979171875 0.3388671875 0.6848958328125 0.36328125 0.6627604171875 0.357421875 0.6419270828125
0 0.359375 0.77734375 0.33203125 0.71484375 0.3037109375 0.7161458328125 0.30078125 0.7486979171875 0.328125 0.8111979171874999 0.3544921875 0.7994791671875 0.359375 0.77734375
0 0.3212890625 0.8307291671874999 0.314453125 0.83984375 0.3125 0.9309895828125001 0.3408203125 0.9348958328125001 0.345703125 0.8346354171874999 0.3212890625 0.8307291671874999
0 0.38671875 0.62109375 0.3876953125 0.6614583328125 0.45703125 0.6549479171875 0.4541015625 0.6197916671875 0.38671875 0.62109375
0 0.40625 0.71484375 0.40625 0.8111979171874999 0.4326171875 0.8125 0.435546875 0.7122395828125 0.40625 0.71484375
0 0.4482421875 0.9322916671874999 0.4609375 0.9153645828125001 0.4599609375 0.8645833328125001 0.4072265625 0.8333333328125001 0.38671875 0.8372395828125001 0.375 0.8736979171874999 0.3818359375 0.9010416671874999 0.4345703125 0.9348958328125001 0.4482421875 0.9322916671874999
0 0.6640625 0.1419270828125 0.6572265625 0.1145833328125 0.6220703125 0.08072916718749999 0.5888671875 0.0859375 0.5771484375 0.09895833281250001 0.5771484375 0.1510416671875 0.6298828125 0.1848958328125 0.646484375 0.1809895828125 0.6640625 0.1419270828125
0 0.662109375 0.2825520828125 0.662109375 0.2513020828125 0.6240234375 0.20052083281250002 0.587890625 0.20182291718749998 0.57421875 0.24348958281250002 0.6142578125 0.2994791671875 0.6455078125 0.3020833328125 0.662109375 0.2825520828125
0 0.6591796875 0.3489583328125 0.5771484375 0.3515625 0.57421875 0.3919270828125 0.5810546875 0.4010416671875 0.66015625 0.3971354171875 0.6591796875 0.3489583328125
0 0.75 0.1393229171875 0.748046875 0.1184895828125 0.7099609375 0.06510416718749999 0.6923828125 0.06510416718749999 0.67578125 0.08463541718749999 0.67578125 0.1471354171875 0.7041015625 0.1848958328125 0.7353515625 0.1822916671875 0.75 0.1393229171875
0 0.7333984375 0.2994791671875 0.75 0.27734375 0.7216796875 0.20052083281250002 0.6904296875 0.20052083281250002 0.67578125 0.21744791718749998 0.673828125 0.24609375 0.685546875 0.2799479171875 0.7041015625 0.3020833328125 0.7333984375 0.2994791671875
0 0.841796875 0.14453125 0.8388671875 0.1067708328125 0.7724609375 0.1067708328125 0.763671875 0.1184895828125 0.7646484375 0.1588541671875 0.8310546875 0.15625 0.841796875 0.14453125
0 0.822265625 0.20703125 0.7802734375 0.1979166671875 0.775390625 0.21484375 0.7734375 0.30859375 0.8095703125 0.3151041671875 0.822265625 0.29296875 0.822265625 0.20703125
0 0.8515625 0.38671875 0.8515625 0.37109375 0.8115234375 0.3333333328125 0.763671875 0.3346354171875 0.76171875 0.3763020828125 0.7783203125 0.4010416671875 0.8310546875 0.4192708328125 0.8515625 0.38671875
0 0.6875 0.3190104171875 0.6875 0.4309895828125 0.7333984375 0.4322916671875 0.736328125 0.31640625 0.6875 0.3190104171875
0 0.6474609375 0.6822916671875 0.662109375 0.66796875 0.6591796875 0.6302083328125 0.6220703125 0.5989583328125 0.587890625 0.6002604171875 0.57421875 0.6263020828125 0.5771484375 0.6510416671875 0.6259765625 0.6822916671875 0.6474609375 0.6822916671875
0 0.7353515625 0.6979166671875 0.751953125 0.6783854171875 0.75 0.6341145828125 0.7119140625 0.5833333328125 0.685546875 0.5846354171875 0.673828125 0.60546875 0.67578125 0.6497395828125 0.7001953125 0.6822916671875 0.7353515625 0.6979166671875
0 0.8369140625 0.6197916671875 0.7666015625 0.6171875 0.763671875 0.6549479171875 0.7705078125 0.6614583328125 0.841796875 0.66015625 0.8369140625 0.6197916671875
0 0.662109375 0.7955729171875 0.662109375 0.76953125 0.6103515625 0.7005208328125 0.5771484375 0.7317708328125 0.57421875 0.74609375 0.6279296875 0.8177083328125001 0.6455078125 0.8177083328125001 0.662109375 0.7955729171875
0 0.6611328125 0.8489583328125001 0.5791015625 0.8489583328125001 0.57421875 0.85546875 0.5771484375 0.9166666671874999 0.66015625 0.91015625 0.6611328125 0.8489583328125001
0 0.75 0.7903645828125 0.724609375 0.7174479171875 0.7119140625 0.7005208328125 0.6923828125 0.6979166671875 0.67578125 0.7174479171875 0.673828125 0.7486979171875 0.69921875 0.8111979171874999 0.7373046875 0.8177083328125001 0.75 0.7903645828125
0 0.732421875 0.9283854171874999 0.728515625 0.8424479171874999 0.7158203125 0.8307291671874999 0.6943359375 0.8333333328125001 0.693359375 0.9205729171874999 0.7001953125 0.9348958328125001 0.7275390625 0.9348958328125001 0.732421875 0.9283854171874999
0 0.8056640625 0.6979166671875 0.775390625 0.7044270828125 0.775390625 0.8138020828125001 0.8212890625 0.8151041671874999 0.826171875 0.7200520828125 0.8056640625 0.6979166671875
0 0.845703125 0.8971354171874999 0.8349609375 0.8645833328125001 0.7841796875 0.8333333328125001 0.7646484375 0.8359375 0.7646484375 0.9010416671874999 0.8154296875 0.9348958328125001 0.8359375 0.92578125 0.845703125 0.8971354171874999