3 0.330078125 0.3779296875 0.2783203125 0.337890625 0.251953125 0.3427734375 0.26171875 0.4091796875 0.2919921875 0.42578125 0.32421875 0.3955078125 0.330078125 0.3779296875
3 0.421875 0.3662109375 0.3740234375 0.337890625 0.34375 0.3447265625 0.357421875 0.4091796875 0.3818359375 0.42578125 0.4140625 0.3955078125 0.421875 0.3662109375
3 0.619140625 0.6494140625 0.619140625 0.6337890625 0.5771484375 0.59375 0.55859375 0.5947265625 0.54296875 0.6435546875 0.544921875 0.6669921875 0.5986328125 0.671875 0.619140625 0.6494140625
3 0.6943359375 0.671875 0.712890625 0.6357421875 0.6767578125 0.59765625 0.6484375 0.5947265625 0.634765625 0.6416015625 0.63671875 0.6650390625 0.6455078125 0.671875 0.6943359375 0.671875
3 0.806640625 0.6474609375 0.806640625 0.6357421875 0.7705078125 0.59765625 0.73828125 0.5966796875 0.72265625 0.6572265625 0.7392578125 0.671875 0.7900390625 0.671875 0.806640625 0.6474609375
3 0.619140625 0.7724609375 0.619140625 0.7587890625 0.5771484375 0.712890625 0.55859375 0.7138671875 0.54296875 0.7626953125 0.546875 0.7978515625 0.6005859375 0.798828125 0.619140625 0.7724609375
3 0.6943359375 0.798828125 0.712890625 0.7705078125 0.712890625 0.7587890625 0.6669921875 0.712890625 0.6484375 0.7158203125 0.634765625 0.7607421875 0.638671875 0.7919921875 0.6435546875 0.798828125 0.6943359375 0.798828125
3 0.7900390625 0.798828125 0.806640625 0.7607421875 0.7607421875 0.71484375 0.73828125 0.7158203125 0.72265625 0.7626953125 0.7265625 0.7841796875 0.7392578125 0.798828125 0.7900390625 0.798828125
3 0.7900390625 0.92578125 0.806640625 0.8955078125 0.8046875 0.8798828125 0.7568359375 0.83203125 0.73828125 0.8349609375 0.72265625 0.8857421875 0.732421875 0.9169921875 0.7392578125 0.92578125 0.7900390625 0.92578125
3 0.6943359375 0.92578125 0.712890625 0.8955078125 0.7109375 0.8798828125 0.6650390625 0.83203125 0.6484375 0.8349609375 0.634765625 0.8818359375 0.640625 0.9208984375 0.6611328125 0.927734375 0.6943359375 0.92578125
3 0.62109375 0.8857421875 0.5771484375 0.83203125 0.55859375 0.8330078125 0.54296875 0.8837890625 0.546875 0.9248046875 0.6005859375 0.92578125 0.62109375 0.8857421875
3 0.40234375 0.6181640625 0.3837890625 0.587890625 0.37109375 0.5927734375 0.341796875 0.6455078125 0.3427734375 0.671875 0.3857421875 0.693359375 0.3984375 0.6865234375 0.40234375 0.6181640625
3 0.40234375 0.7392578125 0.3837890625 0.7109375 0.37109375 0.7158203125 0.341796875 0.7685546875 0.3427734375 0.798828125 0.3798828125 0.8203125 0.396484375 0.8154296875 0.40234375 0.7392578125
3 0.40234375 0.9150390625 0.40234375 0.8583984375 0.3818359375 0.83203125 0.373046875 0.8349609375 0.345703125 0.8837890625 0.33984375 0.9228515625 0.3798828125 0.947265625 0.3916015625 0.947265625 0.40234375 0.9150390625
3 0.310546875 0.6806640625 0.310546875 0.6142578125 0.2919921875 0.587890625 0.279296875 0.5908203125 0.244140625 0.6474609375 0.244140625 0.6669921875 0.2939453125 0.693359375 0.310546875 0.6806640625
3 0.22265625 0.6767578125 0.22265625 0.6181640625 0.1982421875 0.587890625 0.185546875 0.5908203125 0.150390625 0.6455078125 0.1484375 0.6689453125 0.1865234375 0.69140625 0.2060546875 0.69140625 0.22265625 0.6767578125
3 0.2021484375 0.8203125 0.22265625 0.7958984375 0.22265625 0.7373046875 0.2001953125 0.7109375 0.185546875 0.7158203125 0.1484375 0.7744140625 0.1484375 0.7978515625 0.1884765625 0.8203125 0.2021484375 0.8203125
3 0.310546875 0.9208984375 0.310546875 0.8544921875 0.2919921875 0.833984375 0.279296875 0.8369140625 0.24609375 0.8974609375 0.2490234375 0.927734375 0.2841796875 0.947265625 0.30078125 0.9443359375 0.310546875 0.9208984375
1 0.32421875 0.7197265625 0.2626953125 0.71484375 0.234375 0.7412109375 0.234375 0.8310546875 0.3017578125 0.833984375 0.32421875 0.7958984375 0.32421875 0.7197265625
1 0.234375 0.9169921875 0.232421875 0.8369140625 0.1728515625 0.8359375 0.13671875 0.8720703125 0.130859375 0.8798828125 0.1328125 0.9658203125 0.1982421875 0.966796875 0.234375 0.9169921875
1 0.62109375 0.3193359375 0.5537109375 0.31640625 0.546875 0.3310546875 0.544921875 0.4150390625 0.6103515625 0.41796875 0.62109375 0.4072265625 0.62109375 0.3193359375
1 0.7177734375 0.41015625 0.720703125 0.3173828125 0.6533203125 0.31640625 0.646484375 0.3232421875 0.63671875 0.3349609375 0.63671875 0.4169921875 0.6943359375 0.419921875 0.7177734375 0.41015625
1 0.81640625 0.4072265625 0.8173828125 0.318359375 0.7548828125 0.31640625 0.7333984375 0.330078125 0.7265625 0.3369140625 0.7294921875 0.41796875 0.7822265625 0.419921875 0.81640625 0.4072265625
1 0.822265625 0.2724609375 0.8193359375 0.18359375 0.7548828125 0.181640625 0.732421875 0.2060546875 0.7265625 0.2158203125 0.7294921875 0.298828125 0.7880859375 0.298828125 0.822265625 0.2724609375
1 0.72265625 0.2705078125 0.72265625 0.1865234375 0.7158203125 0.181640625 0.650390625 0.1865234375 0.63671875 0.2138671875 0.63671875 0.2958984375 0.6982421875 0.298828125 0.72265625 0.2705078125
1 0.72265625 0.1357421875 0.72265625 0.0517578125 0.6552734375 0.046875 0.6484375 0.0576171875 0.63671875 0.0927734375 0.63671875 0.1767578125 0.6962890625 0.177734375 0.72265625 0.1357421875
1 0.818359375 0.1435546875 0.822265625 0.0498046875 0.7548828125 0.048828125 0.734375 0.0791015625 0.7265625 0.0947265625 0.7265625 0.1767578125 0.7880859375 0.177734375 0.818359375 0.1435546875
1 0.58125 0.1203125 0.08125 0.13125
1 0.5828125 0.24140625 0.103125 0.1234375
2 0.2265625 0.1357421875 0.220703125 0.0830078125 0.2080078125 0.07421875 0.173828125 0.0849609375 0.16015625 0.1005859375 0.16015625 0.1279296875 0.2080078125 0.169921875 0.2265625 0.1357421875
2 0.2998046875 0.169921875 0.31640625 0.1357421875 0.3125 0.0810546875 0.2998046875 0.07421875 0.2724609375 0.08203125 0.25390625 0.1005859375 0.25390625 0.1240234375 0.26953125 0.1494140625 0.2998046875 0.169921875
2 0.3896484375 0.169921875 0.40625 0.1357421875 0.404296875 0.0791015625 0.3935546875 0.07421875 0.3701171875 0.080078125 0.3525390625 0.095703125 0.34765625 0.1162109375 0.353515625 0.1376953125 0.3642578125 0.154296875 0.3896484375 0.169921875
2 0.40234375 0.2001953125 0.3642578125 0.203125 0.34765625 0.2236328125 0.35546875 0.2646484375 0.3896484375 0.2890625 0.40625 0.2548828125 0.40234375 0.2001953125
2 0.3125 0.2060546875 0.3017578125 0.197265625 0.2587890625 0.220703125 0.25390625 0.2548828125 0.2998046875 0.2890625 0.31640625 0.2548828125 0.3125 0.2060546875
2 0.220703125 0.2060546875 0.2099609375 0.197265625 0.1767578125 0.208984375 0.16015625 0.2255859375 0.158203125 0.2509765625 0.2099609375 0.2890625 0.2265625 0.2548828125 0.220703125 0.2060546875
2 0.2265625 0.3740234375 0.220703125 0.3291015625 0.2080078125 0.322265625 0.16015625 0.3505859375 0.16015625 0.3818359375 0.1904296875 0.40625 0.2099609375 0.41015625 0.2265625 0.3740234375