2 0.80078125 0.1783854171875 0.798828125 0.08463541718749999 0.7802734375 0.0703125 0.7587890625 0.08072916718749999 0.724609375 0.1184895828125 0.724609375 0.14453125 0.7392578125 0.1822916671875 0.80078125 0.1783854171875
2 0.7998046875 0.3020833328125 0.798828125 0.20182291718749998 0.7666015625 0.1979166671875 0.724609375 0.24869791718749998 0.724609375 0.2643229171875 0.7568359375 0.3020833328125 0.7998046875 0.3020833328125
2 0.80078125 0.3815104171875 0.79296875 0.3450520828125 0.7529296875 0.34375 0.73828125 0.35546875 0.73828125 0.3997395828125 0.7529296875 0.4322916671875 0.7705078125 0.4322916671875 0.7890625 0.4127604171875 0.80078125 0.3815104171875
2 0.7080078125 0.1848958328125 0.712890625 0.1002604171875 0.6845703125 0.07291666718749999 0.638671875 0.12109375 0.638671875 0.1471354171875 0.6650390625 0.1822916671875 0.7080078125 0.1848958328125
2 0.712890625 0.22005208281250002 0.6982421875 0.20052083281250002 0.6689453125 0.1979166671875 0.650390625 0.21744791718749998 0.638671875 0.25390625 0.6396484375 0.28125 0.6689453125 0.2994791671875 0.712890625 0.2981770828125 0.712890625 0.22005208281250002
2 0.7265625 0.37890625 0.724609375 0.3528645828125 0.6845703125 0.3203125 0.6650390625 0.3177083328125 0.638671875 0.3528645828125 0.638671875 0.3971354171875 0.6533203125 0.4166666671875 0.6845703125 0.4192708328125 0.7265625 0.37890625
2 0.615234375 0.13671875 0.611328125 0.1106770828125 0.6005859375 0.08854166718749999 0.5625 0.09244791718749999 0.55859375 0.16015625 0.5732421875 0.1848958328125 0.5849609375 0.1848958328125 0.615234375 0.13671875
2 0.623046875 0.2591145828125 0.62109375 0.23567708281250002 0.6123046875 0.21875 0.5654296875 0.1979166671875 0.552734375 0.22005208281250002 0.55078125 0.2825520828125 0.6103515625 0.2838541671875 0.623046875 0.2591145828125
2 0.61328125 0.42578125 0.611328125 0.33984375 0.6044921875 0.3307291671875 0.5732421875 0.3307291671875 0.55078125 0.3528645828125 0.55078125 0.3997395828125 0.5615234375 0.4192708328125 0.5927734375 0.4348958328125 0.61328125 0.42578125
2 0.7958984375 0.6979166671875 0.798828125 0.6028645828125 0.7412109375 0.5989583328125 0.724609375 0.6184895828125 0.724609375 0.6471354171875 0.7529296875 0.6822916671875 0.7841796875 0.7005208328125 0.7958984375 0.6979166671875
2 0.798828125 0.8138020828125001 0.7978515625 0.7161458328125 0.7509765625 0.7161458328125 0.7265625 0.7513020828125 0.7265625 0.7643229171875 0.7685546875 0.8177083328125001 0.798828125 0.8138020828125001
2 0.71484375 0.63671875 0.69921875 0.6028645828125 0.6533203125 0.5989583328125 0.63671875 0.62109375 0.63671875 0.6471354171875 0.6630859375 0.6822916671875 0.7099609375 0.7005208328125 0.71484375 0.63671875
2 0.7109375 0.7955729171875 0.712890625 0.7486979171875 0.6943359375 0.7161458328125 0.6533203125 0.7135416671875 0.63671875 0.7799479171875 0.6865234375 0.8151041671874999 0.7109375 0.7955729171875
2 0.80078125 0.9309895828125001 0.80078125 0.8684895828125001 0.7861328125 0.8489583328125001 0.73828125 0.85546875 0.73828125 0.90234375 0.7548828125 0.9505208328125001 0.7724609375 0.9505208328125001 0.80078125 0.9309895828125001
2 0.7265625 0.8971354171874999 0.724609375 0.8658854171874999 0.6865234375 0.8333333328125001 0.6669921875 0.8307291671874999 0.638671875 0.8528645828125001 0.638671875 0.89453125 0.6552734375 0.9322916671874999 0.6982421875 0.9322916671874999 0.7265625 0.8971354171874999
2 0.626953125 0.6393229171875 0.6015625 0.6028645828125 0.548828125 0.6002604171875 0.548828125 0.6627604171875 0.5693359375 0.7005208328125 0.61328125 0.68359375 0.626953125 0.6393229171875
2 0.626953125 0.7825520828125 0.625 0.7513020828125 0.6103515625 0.7317708328125 0.5673828125 0.7135416671875 0.55078125 0.7330729171875 0.55078125 0.79296875 0.6103515625 0.8020833328125001 0.626953125 0.7825520828125
2 0.61328125 0.9466145828125001 0.6103515625 0.8489583328125001 0.5810546875 0.8333333328125001 0.55078125 0.8502604171874999 0.552734375 0.91015625 0.5908203125 0.9505208328125001 0.61328125 0.9466145828125001
2 0.412109375 0.1783854171875 0.412109375 0.08463541718749999 0.3779296875 0.06770833281250001 0.3515625 0.09244791718749999 0.349609375 0.14453125 0.3779296875 0.1822916671875 0.412109375 0.1783854171875
2 0.412109375 0.2955729171875 0.412109375 0.20182291718749998 0.3662109375 0.1979166671875 0.349609375 0.22005208281250002 0.34375 0.23828125 0.349609375 0.2643229171875 0.3759765625 0.296875 0.412109375 0.2955729171875
2 0.4228515625 0.3854166671875 0.421875 0.3684895828125 0.4130859375 0.3489583328125 0.3916015625 0.3307291671875 0.349609375 0.3346354171875 0.3515625 0.3893229171875 0.3681640625 0.4348958328125 0.3857421875 0.4296875 0.4228515625 0.3854166671875
2 0.337890625 0.37890625 0.3330078125 0.3489583328125 0.2978515625 0.3177083328125 0.2783203125 0.3151041671875 0.25 0.3372395828125 0.251953125 0.39453125 0.2763671875 0.4166666671875 0.3095703125 0.4166666671875 0.337890625 0.37890625
2 0.328125 0.27734375 0.326171875 0.24348958281250002 0.3134765625 0.1979166671875 0.2685546875 0.20052083281250002 0.24609375 0.2591145828125 0.2646484375 0.2864583328125 0.2900390625 0.3020833328125 0.3193359375 0.3020833328125 0.328125 0.27734375
2 0.3251953125 0.1822916671875 0.32421875 0.08723958281250001 0.2802734375 0.0703125 0.251953125 0.10546875 0.251953125 0.1315104171875 0.2919921875 0.1822916671875 0.3251953125 0.1822916671875
2 0.232421875 0.13671875 0.224609375 0.1080729171875 0.2021484375 0.08854166718749999 0.162109375 0.08984375 0.1640625 0.13671875 0.1884765625 0.1848958328125 0.2021484375 0.1848958328125 0.22265625 0.16015625 0.232421875 0.13671875
2 0.23828125 0.2591145828125 0.236328125 0.24088541718749998 0.1884765625 0.20052083281250002 0.1640625 0.22005208281250002 0.162109375 0.2591145828125 0.1787109375 0.28125 0.2197265625 0.2838541671875 0.23828125 0.2591145828125
2 0.23828125 0.3971354171875 0.236328125 0.35546875 0.2197265625 0.3307291671875 0.1689453125 0.3333333328125 0.1484375 0.35546875 0.1484375 0.3815104171875 0.1806640625 0.4192708328125 0.2021484375 0.4348958328125 0.2216796875 0.4348958328125 0.23828125 0.3971354171875
2 0.412109375 0.6627604171875 0.412109375 0.6028645828125 0.3701171875 0.5807291671875 0.349609375 0.5872395828125 0.349609375 0.6549479171875 0.3681640625 0.6848958328125 0.3818359375 0.6848958328125 0.412109375 0.6627604171875
2 0.326171875 0.6497395828125 0.3251953125 0.5989583328125 0.2509765625 0.5833333328125 0.251953125 0.6653645828125 0.2685546875 0.6848958328125 0.2998046875 0.6822916671875 0.326171875 0.6497395828125
2 0.2353515625 0.6666666671875 0.236328125 0.6184895828125 0.2119140625 0.5807291671875 0.1787109375 0.5807291671875 0.162109375 0.6184895828125 0.162109375 0.6783854171875 0.2119140625 0.6822916671875 0.2353515625 0.6666666671875
2 0.4140625 0.77734375 0.4111328125 0.7161458328125 0.3408203125 0.71875 0.33984375 0.7799479171875 0.3701171875 0.8098958328125001 0.3974609375 0.7994791671875 0.4140625 0.77734375
2 0.326171875 0.7669270828125 0.32421875 0.7330729171875 0.3056640625 0.7135416671875 0.2509765625 0.7161458328125 0.23828125 0.7356770828125 0.25 0.7981770828125 0.2802734375 0.8177083328125001 0.2998046875 0.8151041671874999 0.326171875 0.7669270828125
2 0.2236328125 0.7994791671875 0.224609375 0.7356770828125 0.2099609375 0.7161458328125 0.1845703125 0.7135416671875 0.146484375 0.7591145828125 0.14453125 0.77734375 0.1689453125 0.7994791671875 0.2236328125 0.7994791671875
2 0.42578125 0.87109375 0.4140625 0.8528645828125001 0.3818359375 0.828125 0.3525390625 0.8489583328125001 0.3515625 0.9309895828125001 0.3994140625 0.9348958328125001 0.42578125 0.8919270828125001 0.42578125 0.87109375
2 0.310546875 0.8528645828125001 0.30078125 0.8372395828125001 0.2783203125 0.8307291671874999 0.244140625 0.87109375 0.2421875 0.8971354171874999 0.2548828125 0.9348958328125001 0.302734375 0.9231770828125001 0.310546875 0.90234375 0.310546875 0.8528645828125001
2 0.2265625 0.8893229171874999 0.2216796875 0.8541666671874999 0.1826171875 0.8359375 0.16796875 0.83984375 0.158203125 0.8919270828125001 0.1748046875 0.9322916671874999 0.1943359375 0.9270833328125001 0.2265625 0.8893229171874999