0 0.84375 0.1416015625 0.841796875 0.1083984375 0.7724609375 0.107421875 0.763671875 0.1201171875 0.763671875 0.1533203125 0.8291015625 0.15625 0.84375 0.1416015625
1 0.880859375 0.2470703125 0.853515625 0.1767578125 0.8330078125 0.166015625 0.75390625 0.2451171875 0.75390625 0.2587890625 0.7861328125 0.314453125 0.8037109375 0.310546875 0.8701171875 0.263671875 0.880859375 0.2470703125
0 0.650390625 0.2958984375 0.646484375 0.2646484375 0.619140625 0.2041015625 0.6044921875 0.201171875 0.587890625 0.2177734375 0.58984375 0.2333984375 0.603515625 0.2783203125 0.6201171875 0.302734375 0.650390625 0.2958984375
1 0.77734375 0.3818359375 0.7734375 0.3583984375 0.7451171875 0.30078125 0.6787109375 0.33984375 0.666015625 0.3701171875 0.689453125 0.4306640625 0.7099609375 0.435546875 0.7353515625 0.419921875 0.77734375 0.3818359375
0 0.8388671875 0.392578125 0.8408203125 0.35546875 0.7744140625 0.35546875 0.765625 0.3935546875 0.8388671875 0.392578125
0 0.8408203125 0.66015625 0.841796875 0.6240234375 0.8330078125 0.61328125 0.7666015625 0.619140625 0.763671875 0.6552734375 0.7666015625 0.66015625 0.8408203125 0.66015625
0 0.658203125 0.6474609375 0.642578125 0.6279296875 0.6064453125 0.599609375 0.5947265625 0.6015625 0.58203125 0.6181640625 0.5927734375 0.6484375 0.6435546875 0.6796875 0.658203125 0.6474609375
0 0.837890625 0.7919921875 0.841796875 0.7685546875 0.7763671875 0.716796875 0.765625 0.7275390625 0.763671875 0.7548828125 0.8271484375 0.802734375 0.837890625 0.7919921875
0 0.75 0.7763671875 0.7421875 0.7607421875 0.6904296875 0.72265625 0.681640625 0.7236328125 0.673828125 0.7412109375 0.67578125 0.7568359375 0.7333984375 0.802734375 0.75 0.7763671875
2 0.658203125 0.7490234375 0.654296875 0.7294921875 0.6220703125 0.724609375 0.580078125 0.7548828125 0.58203125 0.7783203125 0.6181640625 0.826171875 0.6435546875 0.822265625 0.650390625 0.8076171875 0.658203125 0.7490234375
0 0.84765625 0.9013671875 0.8466796875 0.88671875 0.7763671875 0.83984375 0.76171875 0.8662109375 0.7685546875 0.888671875 0.8251953125 0.927734375 0.84765625 0.9013671875
0 0.7470703125 0.908203125 0.74609375 0.8623046875 0.6767578125 0.859375 0.673828125 0.8935546875 0.6796875 0.9072265625 0.7470703125 0.908203125
0 0.65625 0.9052734375 0.658203125 0.8818359375 0.5986328125 0.83984375 0.583984375 0.8525390625 0.583984375 0.8837890625 0.6416015625 0.927734375 0.65625 0.9052734375
0 0.45703125 0.6357421875 0.447265625 0.6044921875 0.4267578125 0.6015625 0.384765625 0.6455078125 0.3955078125 0.681640625 0.4306640625 0.662109375 0.45703125 0.6357421875
1 0.46484375 0.7412109375 0.4521484375 0.728515625 0.4111328125 0.701171875 0.3671875 0.7978515625 0.3720703125 0.8125 0.4228515625 0.849609375 0.462890625 0.7666015625 0.46484375 0.7412109375
1 0.361328125 0.6669921875 0.373046875 0.6162109375 0.3251953125 0.58203125 0.3017578125 0.58984375 0.26953125 0.6572265625 0.267578125 0.6767578125 0.3115234375 0.70703125 0.3310546875 0.70703125 0.361328125 0.6669921875
1 0.3251953125 0.849609375 0.373046875 0.7392578125 0.3330078125 0.708984375 0.3134765625 0.7109375 0.287109375 0.7490234375 0.267578125 0.8076171875 0.3251953125 0.849609375
1 0.283203125 0.8603515625 0.2724609375 0.849609375 0.2294921875 0.822265625 0.193359375 0.8623046875 0.16796875 0.9365234375 0.2216796875 0.982421875 0.2734375 0.8955078125 0.283203125 0.8603515625
0 0.455078125 0.8857421875 0.45703125 0.8603515625 0.4404296875 0.841796875 0.38671875 0.8837890625 0.3828125 0.8994140625 0.3974609375 0.927734375 0.455078125 0.8857421875
0 0.361328125 0.8896484375 0.3671875 0.8623046875 0.3525390625 0.83984375 0.294921875 0.8837890625 0.291015625 0.9013671875 0.3056640625 0.935546875 0.361328125 0.8896484375
0 0.28125 0.6201171875 0.26953125 0.6044921875 0.2451171875 0.60546875 0.1875 0.6396484375 0.1875 0.6572265625 0.2001953125 0.68359375 0.2236328125 0.681640625 0.279296875 0.6318359375 0.28125 0.6201171875
0 0.27734375 0.7529296875 0.2734375 0.7236328125 0.2529296875 0.71484375 0.189453125 0.7626953125 0.189453125 0.7744140625 0.2080078125 0.802734375 0.2275390625 0.798828125 0.27734375 0.7529296875
3 0.45703125 0.1591796875 0.455078125 0.1181640625 0.42578125 0.0732421875 0.4169921875 0.0703125 0.3984375 0.0927734375 0.3984375 0.1630859375 0.4052734375 0.18359375 0.4189453125 0.18359375 0.45703125 0.1591796875
3 0.45703125 0.2802734375 0.455078125 0.2431640625 0.427734375 0.1982421875 0.4169921875 0.1953125 0.3984375 0.2177734375 0.3984375 0.2900390625 0.4072265625 0.302734375 0.4189453125 0.302734375 0.45703125 0.2802734375
3 0.4541015625 0.40234375 0.455078125 0.3720703125 0.427734375 0.3232421875 0.4169921875 0.318359375 0.3984375 0.3466796875 0.3984375 0.4169921875 0.4208984375 0.421875 0.4541015625 0.40234375
3 0.3642578125 0.162109375 0.365234375 0.1337890625 0.333984375 0.0751953125 0.3212890625 0.072265625 0.302734375 0.0927734375 0.3046875 0.1630859375 0.3154296875 0.169921875 0.3642578125 0.162109375
1 0.37109375 0.2744140625 0.3671875 0.2509765625 0.3310546875 0.1796875 0.3076171875 0.17578125 0.265625 0.2119140625 0.291015625 0.2783203125 0.3115234375 0.302734375 0.3349609375 0.3046875 0.3642578125 0.287109375 0.37109375 0.2744140625
1 0.373046875 0.3935546875 0.37109375 0.3759765625 0.345703125 0.3193359375 0.3232421875 0.3046875 0.3037109375 0.302734375 0.26953125 0.3427734375 0.291015625 0.4169921875 0.3115234375 0.435546875 0.3330078125 0.43359375 0.365234375 0.4052734375 0.373046875 0.3935546875
1 0.289990534375 0.167619090625 0.271484375 0.1201171875 0.2255859375 0.025390625 0.1796875 0.0595703125 0.166015625 0.0771484375 0.15625 0.1123046875 0.1875 0.1591796875 0.2294921875 0.193359375 0.289990534375 0.167619090625
3 0.27734375 0.2587890625 0.2421875 0.1982421875 0.2314453125 0.1953125 0.20703125 0.2197265625 0.20703125 0.2861328125 0.2314453125 0.302734375 0.27734375 0.2783203125 0.27734375 0.2587890625
1 0.28125 0.3974609375 0.275390625 0.3681640625 0.255859375 0.3212890625 0.2236328125 0.30078125 0.166015625 0.3447265625 0.193359375 0.4189453125 0.2197265625 0.431640625 0.2373046875 0.431640625 0.28125 0.3974609375