2 0.74609375 0.8896484375 0.7265625 0.8466796875 0.7099609375 0.830078125 0.67578125 0.8525390625 0.67578125 0.9013671875 0.7060546875 0.921875 0.73828125 0.9208984375 0.74609375 0.8896484375
2 0.6201171875 0.826171875 0.59375 0.8525390625 0.583984375 0.9052734375 0.6162109375 0.92578125 0.646484375 0.9228515625 0.650390625 0.8662109375 0.6201171875 0.826171875
1 0.8408203125 0.69921875 0.7685546875 0.701171875 0.765625 0.7822265625 0.7890625 0.8212890625 0.8662109375 0.818359375 0.869140625 0.7275390625 0.8408203125 0.69921875
1 0.8505859375 0.583984375 0.7685546875 0.580078125 0.76953125 0.6669921875 0.7958984375 0.68359375 0.8642578125 0.68359375 0.8671875 0.5966796875 0.8505859375 0.583984375
1 0.671875 0.6416015625 0.671875 0.6142578125 0.6044921875 0.564453125 0.576171875 0.6318359375 0.578125 0.6611328125 0.6259765625 0.697265625 0.6416015625 0.69921875 0.6484375 0.6962890625 0.671875 0.6416015625
1 0.7314453125 0.578125 0.6806640625 0.578125 0.677734375 0.6650390625 0.6982421875 0.68359375 0.7646484375 0.681640625 0.765625 0.5947265625 0.7314453125 0.578125
0 0.7919921875 0.3125 0.783203125 0.3193359375 0.783203125 0.4052734375 0.7919921875 0.412109375 0.8212890625 0.41015625 0.822265625 0.3134765625 0.7919921875 0.3125
0 0.7294921875 0.412109375 0.728515625 0.3134765625 0.6962890625 0.3125 0.693359375 0.4072265625 0.7294921875 0.412109375
0 0.6337890625 0.412109375 0.634765625 0.3134765625 0.6064453125 0.3125 0.603515625 0.4130859375 0.6337890625 0.412109375
0 0.82421875 0.1884765625 0.7958984375 0.1875 0.783203125 0.2021484375 0.783203125 0.2802734375 0.7861328125 0.287109375 0.8115234375 0.287109375 0.822265625 0.2763671875 0.82421875 0.1884765625
0 0.6875 0.1962890625 0.693359375 0.2861328125 0.7314453125 0.283203125 0.728515625 0.1904296875 0.6962890625 0.1875 0.6875 0.1962890625
0 0.6064453125 0.189453125 0.6015625 0.1923828125 0.603515625 0.2841796875 0.6298828125 0.287109375 0.634765625 0.2802734375 0.634765625 0.1884765625 0.6064453125 0.189453125
0 0.7939453125 0.064453125 0.78515625 0.0771484375 0.783203125 0.1630859375 0.8095703125 0.16796875 0.818359375 0.1591796875 0.822265625 0.0654296875 0.7939453125 0.064453125
0 0.689453125 0.0751953125 0.693359375 0.1650390625 0.724609375 0.1630859375 0.728515625 0.0654296875 0.7021484375 0.064453125 0.689453125 0.0751953125
0 0.6337890625 0.173828125 0.63671875 0.0693359375 0.6083984375 0.064453125 0.603515625 0.1650390625 0.6337890625 0.173828125
3 0.458984375 0.3330078125 0.4228515625 0.298828125 0.396484375 0.3115234375 0.392578125 0.3798828125 0.4169921875 0.412109375 0.427734375 0.4091796875 0.45703125 0.3583984375 0.458984375 0.3330078125
3 0.4609375 0.0791015625 0.4150390625 0.05078125 0.4013671875 0.05078125 0.396484375 0.1201171875 0.4150390625 0.166015625 0.431640625 0.1669921875 0.45703125 0.1201171875 0.4609375 0.0791015625
3 0.453125 0.2021484375 0.4169921875 0.1796875 0.3974609375 0.177734375 0.396484375 0.2451171875 0.4169921875 0.2890625 0.43359375 0.2841796875 0.455078125 0.2431640625 0.453125 0.2021484375
0 0.455078125 0.8896484375 0.45703125 0.8681640625 0.4306640625 0.83984375 0.3974609375 0.826171875 0.3828125 0.8525390625 0.388671875 0.8779296875 0.4306640625 0.912109375 0.4423828125 0.912109375 0.455078125 0.8896484375
2 0.44140625 0.7177734375 0.4072265625 0.712890625 0.37890625 0.7412109375 0.376953125 0.7568359375 0.3896484375 0.78515625 0.4169921875 0.798828125 0.435546875 0.7919921875 0.44140625 0.7177734375
0 0.4453125 0.6611328125 0.4609375 0.6337890625 0.45703125 0.6279296875 0.4072265625 0.587890625 0.3916015625 0.587890625 0.37890625 0.6220703125 0.4072265625 0.650390625 0.4306640625 0.6640625 0.4453125 0.6611328125
2 0.337890625 0.9326171875 0.36328125 0.8798828125 0.36328125 0.8662109375 0.3486328125 0.837890625 0.3173828125 0.837890625 0.3046875 0.8447265625 0.30078125 0.9091796875 0.3173828125 0.935546875 0.337890625 0.9326171875
2 0.3310546875 0.80859375 0.349609375 0.7841796875 0.36328125 0.7548828125 0.35546875 0.7255859375 0.3486328125 0.71875 0.3154296875 0.71484375 0.30078125 0.7392578125 0.30078125 0.7763671875 0.318359375 0.8115234375 0.3310546875 0.80859375
2 0.361328125 0.6357421875 0.36328125 0.6181640625 0.3466796875 0.59765625 0.3154296875 0.59765625 0.30078125 0.6064453125 0.30078125 0.6494140625 0.3193359375 0.6875 0.33203125 0.6865234375 0.361328125 0.6357421875
0 0.197265625 0.8681640625 0.2529296875 0.912109375 0.26953125 0.8955078125 0.27734375 0.8681640625 0.2197265625 0.826171875 0.197265625 0.8681640625
0 0.2666015625 0.78515625 0.283203125 0.7587890625 0.28515625 0.7431640625 0.2783203125 0.736328125 0.2236328125 0.705078125 0.208984375 0.7138671875 0.19921875 0.7353515625 0.19921875 0.7470703125 0.2412109375 0.787109375 0.2666015625 0.78515625
0 0.2734375 0.6572265625 0.27734375 0.6279296875 0.271484375 0.6181640625 0.2275390625 0.587890625 0.2119140625 0.587890625 0.197265625 0.6220703125 0.2392578125 0.66015625 0.2587890625 0.6640625 0.2734375 0.6572265625
2 0.3037109375 0.328125 0.279296875 0.3505859375 0.3154296875 0.4140625 0.3291015625 0.4140625 0.349609375 0.3857421875 0.3466796875 0.328125 0.3037109375 0.328125
2 0.3515625 0.2236328125 0.34375 0.2041015625 0.3056640625 0.19921875 0.283203125 0.2275390625 0.279296875 0.2470703125 0.3232421875 0.287109375 0.349609375 0.2646484375 0.3515625 0.2236328125
3 0.37109375 0.1201171875 0.359375 0.0771484375 0.3056640625 0.05078125 0.30078125 0.1201171875 0.3125 0.1669921875 0.3232421875 0.171875 0.349609375 0.1455078125 0.37109375 0.1201171875
2 0.26171875 0.0810546875 0.2431640625 0.072265625 0.2080078125 0.072265625 0.189453125 0.1025390625 0.1875 0.1201171875 0.2353515625 0.16015625 0.2587890625 0.146484375 0.26171875 0.0810546875
2 0.2412109375 0.283203125 0.26171875 0.2626953125 0.26171875 0.2177734375 0.2431640625 0.19921875 0.2099609375 0.19921875 0.19140625 0.2255859375 0.19140625 0.2431640625 0.2294921875 0.283203125 0.2412109375 0.283203125
2 0.26171875 0.3837890625 0.26171875 0.3408203125 0.2548828125 0.328125 0.2080078125 0.328125 0.189453125 0.3623046875 0.2275390625 0.404296875 0.244140625 0.4033203125 0.26171875 0.3837890625