3 0.630859375 0.3623046875 0.634765625 0.3798828125 0.6376953125 0.384765625 0.6513671875 0.380859375 0.6611328125 0.39453125 0.6748046875 0.390625 0.6845703125 0.408203125 0.697265625 0.4013671875 0.69140625 0.3779296875 0.703125 0.3564453125 0.6767578125 0.302734375 0.65625 0.3173828125 0.65234375 0.3427734375 0.630859375 0.3623046875
3 0.73828125 0.3623046875 0.73828125 0.4033203125 0.7705078125 0.408203125 0.77734375 0.3857421875 0.806640625 0.3642578125 0.806640625 0.3525390625 0.79296875 0.3466796875 0.7900390625 0.328125 0.7412109375 0.328125 0.72265625 0.3427734375 0.72265625 0.3564453125 0.73828125 0.3623046875
3 0.722265625 0.2431640625 0.72421875 0.2568359375 0.7291015625 0.263671875 0.7427734375 0.259765625 0.7525390625 0.275390625 0.7701171875 0.26953125 0.7798828125 0.28515625 0.790625 0.2783203125 0.78671875 0.2529296875 0.800390625 0.2314453125 0.7759765625 0.17578125 0.7681640625 0.17578125 0.745703125 0.2001953125 0.745703125 0.2177734375 0.722265625 0.2431640625
2 0.64453125 0.2451171875 0.650390625 0.2744140625 0.6572265625 0.279296875 0.6748046875 0.275390625 0.6884765625 0.26171875 0.7060546875 0.271484375 0.7109375 0.2626953125 0.7109375 0.2529296875 0.697265625 0.2412109375 0.703125 0.2158203125 0.6748046875 0.193359375 0.662109375 0.2041015625 0.64453125 0.2451171875
3 0.55859375 0.2431640625 0.55859375 0.2861328125 0.5771484375 0.287109375 0.583984375 0.2685546875 0.59765625 0.2626953125 0.6015625 0.2490234375 0.619140625 0.2431640625 0.619140625 0.2275390625 0.603515625 0.2236328125 0.6005859375 0.201171875 0.546875 0.2021484375 0.54296875 0.2373046875 0.55859375 0.2431640625
3 0.55859375 0.1240234375 0.55859375 0.1650390625 0.5771484375 0.16796875 0.58203125 0.1513671875 0.595703125 0.1455078125 0.6015625 0.1259765625 0.619140625 0.1181640625 0.619140625 0.1025390625 0.603515625 0.0986328125 0.6005859375 0.07421875 0.546875 0.0751953125 0.54296875 0.1162109375 0.55859375 0.1240234375
3 0.6484375 0.1240234375 0.6484375 0.1650390625 0.6650390625 0.16796875 0.6787109375 0.1484375 0.685546875 0.1474609375 0.6953125 0.1259765625 0.7109375 0.1201171875 0.712890625 0.1044921875 0.69921875 0.1005859375 0.6943359375 0.07421875 0.642578125 0.0751953125 0.634765625 0.1181640625 0.6484375 0.1240234375
3 0.634765625 0.1181640625 0.6484375 0.1650390625 0.6650390625 0.16796875 0.7109375 0.1201171875 0.712890625 0.1044921875 0.6943359375 0.07421875 0.642578125 0.0751953125 0.634765625 0.1181640625
3 0.73828125 0.6435546875 0.755859375 0.6708984375 0.7705078125 0.673828125 0.80859375 0.6337890625 0.80859375 0.6220703125 0.7861328125 0.6015625 0.73828125 0.6005859375 0.73828125 0.6435546875
2 0.7412109375 0.59765625 0.740234375 0.6474609375 0.7568359375 0.671875 0.7705078125 0.673828125 0.80859375 0.6337890625 0.80859375 0.6201171875 0.7744140625 0.59765625 0.7412109375 0.59765625
2 0.64453125 0.6240234375 0.650390625 0.6630859375 0.6611328125 0.669921875 0.7080078125 0.66015625 0.712890625 0.6494140625 0.703125 0.6201171875 0.6630859375 0.58984375 0.64453125 0.6240234375
2 0.552734375 0.6279296875 0.55859375 0.6650390625 0.5673828125 0.669921875 0.6103515625 0.662109375 0.619140625 0.6533203125 0.607421875 0.6181640625 0.5751953125 0.591796875 0.568359375 0.5927734375 0.552734375 0.6279296875
2 0.64453125 0.6240234375 0.650390625 0.6630859375 0.6611328125 0.669921875 0.7080078125 0.66015625 0.712890625 0.6494140625 0.703125 0.6201171875 0.6630859375 0.58984375 0.64453125 0.6240234375
2 0.732421875 0.7490234375 0.740234375 0.7822265625 0.7568359375 0.79296875 0.8046875 0.7802734375 0.798828125 0.7470703125 0.7529296875 0.7109375 0.732421875 0.7490234375
2 0.64453125 0.7431640625 0.650390625 0.7861328125 0.6572265625 0.79296875 0.6845703125 0.791015625 0.7109375 0.7802734375 0.703125 0.7451171875 0.6650390625 0.7109375 0.658203125 0.7119140625 0.64453125 0.7431640625
2 0.552734375 0.7509765625 0.55859375 0.7880859375 0.5888671875 0.791015625 0.6142578125 0.78515625 0.619140625 0.7763671875 0.603515625 0.7353515625 0.5751953125 0.7109375 0.568359375 0.7119140625 0.552734375 0.7509765625
2 0.732421875 0.8681640625 0.740234375 0.9033203125 0.7529296875 0.91796875 0.7802734375 0.91796875 0.8046875 0.9033203125 0.796875 0.8701171875 0.7548828125 0.83203125 0.74609375 0.8349609375 0.732421875 0.8681640625
2 0.64453125 0.8623046875 0.6484375 0.9033203125 0.6572265625 0.91796875 0.6826171875 0.919921875 0.7109375 0.9052734375 0.6953125 0.8583984375 0.6650390625 0.830078125 0.65625 0.8349609375 0.64453125 0.8623046875
2 0.55859375 0.8408203125 0.560546875 0.8994140625 0.5732421875 0.919921875 0.5830078125 0.921875 0.623046875 0.8798828125 0.62109375 0.8642578125 0.5947265625 0.837890625 0.55859375 0.8408203125
2 0.166015625 0.7314453125 0.1669921875 0.783203125 0.2021484375 0.783203125 0.23046875 0.7548828125 0.22265625 0.7197265625 0.2001953125 0.693359375 0.185546875 0.7001953125 0.166015625 0.7314453125
1 0.333984375 0.3037109375 0.3388671875 0.396484375 0.3505859375 0.404296875 0.4140625 0.4013671875 0.4140625 0.3232421875 0.4033203125 0.30078125 0.333984375 0.3037109375
1 0.234375 0.3017578125 0.2392578125 0.39453125 0.2626953125 0.404296875 0.32421875 0.4013671875 0.32421875 0.3232421875 0.3017578125 0.30078125 0.234375 0.3017578125
1 0.1357421875 0.30078125 0.1357421875 0.390625 0.1728515625 0.404296875 0.2294921875 0.404296875 0.234375 0.3994140625 0.23046875 0.3193359375 0.2021484375 0.30078125 0.1357421875 0.30078125
1 0.333984375 0.1689453125 0.333984375 0.2587890625 0.3525390625 0.283203125 0.4140625 0.2822265625 0.4140625 0.2021484375 0.4033203125 0.16796875 0.333984375 0.1689453125
1 0.234375 0.1728515625 0.23828125 0.2626953125 0.2607421875 0.283203125 0.322265625 0.2822265625 0.32421875 0.2060546875 0.3017578125 0.16796875 0.234375 0.1728515625
1 0.1328125 0.1708984375 0.1376953125 0.26171875 0.1689453125 0.283203125 0.234375 0.2802734375 0.232421875 0.2021484375 0.2060546875 0.169921875 0.1328125 0.1708984375
1 0.333984375 0.0341796875 0.3359375 0.1298828125 0.3525390625 0.1640625 0.412109375 0.1630859375 0.4140625 0.0791015625 0.4013671875 0.03125 0.333984375 0.0341796875
1 0.234375 0.0322265625 0.234375 0.1279296875 0.2626953125 0.1640625 0.322265625 0.1630859375 0.32421875 0.0849609375 0.2978515625 0.03125 0.234375 0.0322265625
1 0.1328125 0.0322265625 0.1328125 0.1201171875 0.1708984375 0.162109375 0.23046875 0.1611328125 0.23046875 0.0751953125 0.1962890625 0.03125 0.1328125 0.0322265625
1 0.322265625 0.6494140625 0.3310546875 0.6640625 0.3681640625 0.693359375 0.3837890625 0.6953125 0.423828125 0.6064453125 0.3798828125 0.5703125 0.3583984375 0.572265625 0.322265625 0.6494140625
1 0.2265625 0.6494140625 0.2353515625 0.66796875 0.2685546875 0.693359375 0.2998046875 0.68359375 0.33203125 0.6181640625 0.330078125 0.6025390625 0.2861328125 0.568359375 0.2568359375 0.57421875 0.2265625 0.6494140625
1 0.12109375 0.6474609375 0.1337890625 0.66796875 0.1767578125 0.69921875 0.1943359375 0.693359375 0.21875 0.6728515625 0.240234375 0.6025390625 0.1923828125 0.56640625 0.1552734375 0.57421875 0.12109375 0.6474609375
1 0.322265625 0.9169921875 0.3310546875 0.93359375 0.3837890625 0.96875 0.41796875 0.8857421875 0.423828125 0.8466796875 0.3740234375 0.806640625 0.322265625 0.9169921875
1 0.11328125 0.8857421875 0.12109375 0.9677734375 0.1630859375 0.96484375 0.216796875 0.9208984375 0.244140625 0.8798828125 0.2158203125 0.806640625 0.1357421875 0.859375 0.11328125 0.8857421875
1 0.24609375 0.7236328125 0.22265625 0.7900390625 0.2763671875 0.833984375 0.2919921875 0.828125 0.333984375 0.7255859375 0.2900390625 0.69140625 0.2685546875 0.6953125 0.24609375 0.7236328125
2 0.26171875 0.8564453125 0.26171875 0.9091796875 0.2978515625 0.91015625 0.322265625 0.8779296875 0.310546875 0.8388671875 0.2919921875 0.818359375 0.26171875 0.8564453125
2 0.35546875 0.7333984375 0.3583984375 0.783203125 0.3916015625 0.783203125 0.4140625 0.7568359375 0.4140625 0.7412109375 0.3837890625 0.6953125 0.37109375 0.6982421875 0.35546875 0.7333984375