1 0.11328125 0.8857421875 0.1123046875 0.98046875 0.1962890625 0.953125 0.2109375 0.9423828125 0.234375 0.9033203125 0.2314453125 0.822265625 0.1708984375 0.8203125 0.11328125 0.8857421875
0 0.271484375 0.8291015625 0.2724609375 0.919921875 0.2998046875 0.919921875 0.306640625 0.9052734375 0.3037109375 0.818359375 0.2822265625 0.818359375 0.271484375 0.8291015625
1 0.130859375 0.7294921875 0.1328125 0.8154296875 0.2021484375 0.818359375 0.208984375 0.8134765625 0.232421875 0.7841796875 0.2314453125 0.703125 0.1728515625 0.701171875 0.130859375 0.7294921875
1 0.234375 0.8134765625 0.2392578125 0.818359375 0.306640625 0.8115234375 0.32421875 0.7822265625 0.3193359375 0.701171875 0.2587890625 0.701171875 0.236328125 0.7236328125 0.234375 0.8134765625
1 0.119140625 0.8818359375 0.1328125 0.9521484375 0.1962890625 0.953125 0.2109375 0.9423828125 0.234375 0.9033203125 0.2294921875 0.822265625 0.1728515625 0.8203125 0.1328125 0.8603515625 0.119140625 0.8818359375
0 0.365234375 0.7041015625 0.365234375 0.7958984375 0.39453125 0.7919921875 0.3935546875 0.697265625 0.3720703125 0.697265625 0.365234375 0.7041015625
0 0.177734375 0.5830078125 0.1796875 0.6728515625 0.2041015625 0.673828125 0.21484375 0.6669921875 0.2138671875 0.578125 0.177734375 0.5830078125
3 0.244140625 0.6376953125 0.24609375 0.6552734375 0.3076171875 0.654296875 0.328125 0.6318359375 0.326171875 0.6162109375 0.2919921875 0.578125 0.26171875 0.5830078125 0.244140625 0.6376953125
3 0.33984375 0.6337890625 0.3427734375 0.65625 0.3935546875 0.658203125 0.419921875 0.6298828125 0.419921875 0.6201171875 0.3818359375 0.578125 0.35546875 0.5830078125 0.33984375 0.6337890625
1 0.1337890625 0.30078125 0.1328125 0.3896484375 0.1689453125 0.404296875 0.2294921875 0.404296875 0.23046875 0.3212890625 0.1962890625 0.298828125 0.1337890625 0.30078125
1 0.234375 0.3017578125 0.234375 0.3896484375 0.2607421875 0.404296875 0.32421875 0.4013671875 0.32421875 0.3232421875 0.3037109375 0.30078125 0.234375 0.3017578125
2 0.353515625 0.3115234375 0.34765625 0.3818359375 0.3779296875 0.39453125 0.40625 0.3720703125 0.38671875 0.3232421875 0.3642578125 0.306640625 0.353515625 0.3115234375
2 0.15625 0.2529296875 0.16796875 0.2705078125 0.1982421875 0.275390625 0.2265625 0.2529296875 0.212890625 0.2138671875 0.1767578125 0.181640625 0.16796875 0.1845703125 0.158203125 0.2158203125 0.15625 0.2529296875
2 0.259765625 0.1884765625 0.255859375 0.2607421875 0.2880859375 0.275390625 0.322265625 0.2587890625 0.302734375 0.2138671875 0.2724609375 0.18359375 0.259765625 0.1884765625
2 0.34765625 0.2431640625 0.3525390625 0.263671875 0.3779296875 0.275390625 0.40625 0.2529296875 0.384765625 0.1943359375 0.3642578125 0.1796875 0.353515625 0.1865234375 0.34765625 0.2431640625
1 0.13510497500000002 0.065004909375 0.13510497500000002 0.12032733749999999 0.1708984375 0.1640625 0.232421875 0.1630859375 0.23046875 0.0732421875 0.1962890625 0.03125 0.1298828125 0.03125 0.13510497500000002 0.065004909375
1 0.232421875 0.0361328125 0.234375 0.1279296875 0.2666015625 0.166015625 0.322265625 0.1630859375 0.32421875 0.0830078125 0.2998046875 0.03125 0.232421875 0.0361328125
2 0.341796875 0.1142578125 0.345703125 0.1318359375 0.3798828125 0.15625 0.3955078125 0.150390625 0.40625 0.1337890625 0.3837890625 0.064453125 0.3603515625 0.056640625 0.353515625 0.0615234375 0.341796875 0.1142578125
0 0.5478515625 0.33984375 0.544921875 0.3798828125 0.6083984375 0.380859375 0.61328125 0.3408203125 0.5478515625 0.33984375
0 0.55078125 0.2041015625 0.55859375 0.2431640625 0.5810546875 0.2890625 0.607421875 0.2705078125 0.609375 0.2607421875 0.5751953125 0.185546875 0.55078125 0.2041015625
0 0.5458984375 0.091796875 0.5458984375 0.140625 0.6103515625 0.140625 0.615234375 0.0947265625 0.5458984375 0.091796875
0 0.6376953125 0.36328125 0.634765625 0.3798828125 0.6435546875 0.3984375 0.6552734375 0.396484375 0.7060546875 0.35546875 0.708984375 0.3466796875 0.69921875 0.3251953125 0.6884765625 0.32421875 0.6376953125 0.36328125
0 0.630859375 0.2431640625 0.638671875 0.2841796875 0.6455078125 0.287109375 0.7109375 0.2294921875 0.6962890625 0.197265625 0.630859375 0.2431640625
0 0.72265625 0.3544921875 0.724609375 0.3798828125 0.7958984375 0.37890625 0.80078125 0.3427734375 0.7314453125 0.33984375 0.72265625 0.3544921875
0 0.72265625 0.2314453125 0.7275390625 0.26171875 0.7919921875 0.259765625 0.80078125 0.2509765625 0.80078125 0.2177734375 0.7314453125 0.216796875 0.72265625 0.2314453125
0 0.728515625 0.0791015625 0.73046875 0.1005859375 0.7607421875 0.16796875 0.794921875 0.1455078125 0.7626953125 0.0625 0.728515625 0.0791015625
1 0.537109375 0.8701171875 0.5390625 0.9228515625 0.5927734375 0.966796875 0.6015625 0.9658203125 0.62109375 0.9345703125 0.630859375 0.8955078125 0.625 0.8544921875 0.6064453125 0.828125 0.5625 0.8115234375 0.537109375 0.8701171875
1 0.634765625 0.8525390625 0.634765625 0.9091796875 0.640625 0.9248046875 0.6806640625 0.958984375 0.7021484375 0.966796875 0.708984375 0.9580078125 0.7265625 0.9033203125 0.71875 0.8603515625 0.7060546875 0.841796875 0.6591796875 0.806640625 0.634765625 0.8525390625
1 0.728515625 0.8466796875 0.73046875 0.9052734375 0.7666015625 0.947265625 0.8017578125 0.966796875 0.83203125 0.8896484375 0.8134765625 0.85546875 0.7763671875 0.82421875 0.7451171875 0.80859375 0.728515625 0.8466796875
1 0.53515625 0.7509765625 0.537109375 0.7783203125 0.5458984375 0.796875 0.6005859375 0.828125 0.6328125 0.7509765625 0.6103515625 0.716796875 0.5654296875 0.6875 0.53515625 0.7509765625
2 0.6484375 0.7021484375 0.65234375 0.7822265625 0.6689453125 0.8046875 0.6767578125 0.8046875 0.712890625 0.7568359375 0.712890625 0.7314453125 0.703125 0.7197265625 0.6611328125 0.697265625 0.6484375 0.7021484375
2 0.73828125 0.7626953125 0.7578125 0.8017578125 0.7705078125 0.8046875 0.79296875 0.7802734375 0.80859375 0.7568359375 0.80859375 0.7333984375 0.7568359375 0.69921875 0.7431640625 0.697265625 0.73828125 0.7626953125
1 0.537109375 0.6298828125 0.537109375 0.6494140625 0.5771484375 0.685546875 0.6005859375 0.697265625 0.630859375 0.6181640625 0.5693359375 0.56640625 0.55859375 0.5771484375 0.537109375 0.6298828125
1 0.6328125 0.6162109375 0.6328125 0.6474609375 0.6611328125 0.673828125 0.7021484375 0.697265625 0.72265625 0.6513671875 0.72265625 0.6103515625 0.6591796875 0.56640625 0.6328125 0.6162109375
1 0.7265625 0.6455078125 0.7431640625 0.662109375 0.8037109375 0.697265625 0.830078125 0.6376953125 0.83203125 0.6181640625 0.7802734375 0.576171875 0.7470703125 0.56640625 0.7265625 0.6083984375 0.7265625 0.6455078125