3 0.185546875 0.89453125 0.1875 0.91015625 0.2099609375 0.9322916671874999 0.2607421875 0.9348958328125001 0.275390625 0.9049479171874999 0.2734375 0.8190104171874999 0.2392578125 0.8177083328125001 0.2158203125 0.8333333328125001 0.19921875 0.8528645828125001 0.185546875 0.89453125
3 0.287109375 0.8736979171874999 0.2900390625 0.9166666671874999 0.3154296875 0.9322916671874999 0.3544921875 0.9166666671874999 0.375 0.8971354171874999 0.36328125 0.8294270828125001 0.3447265625 0.7994791671875 0.287109375 0.8736979171874999
3 0.37890625 0.8736979171874999 0.3984375 0.91015625 0.4169921875 0.9322916671874999 0.4345703125 0.9322916671874999 0.455078125 0.87890625 0.45703125 0.83984375 0.4033203125 0.8359375 0.37890625 0.8736979171874999
3 0.19921875 0.73828125 0.2041015625 0.8020833328125001 0.2607421875 0.7994791671875 0.275390625 0.7799479171875 0.2734375 0.7044270828125 0.2607421875 0.671875 0.2392578125 0.6796875 0.19921875 0.73828125
3 0.283203125 0.75390625 0.287109375 0.7799479171875 0.3017578125 0.8020833328125001 0.3310546875 0.8020833328125001 0.373046875 0.76171875 0.37109375 0.73828125 0.3466796875 0.6848958328125 0.3291015625 0.6848958328125 0.298828125 0.7200520828125 0.283203125 0.75390625
3 0.38671875 0.77734375 0.412109375 0.8138020828125001 0.439453125 0.81640625 0.462890625 0.7434895828125 0.4609375 0.7174479171875 0.4208984375 0.6822916671875 0.4033203125 0.6848958328125 0.38671875 0.7096354171875 0.38671875 0.77734375
3 0.193359375 0.6315104171875 0.20703125 0.65234375 0.2275390625 0.6770833328125 0.2587890625 0.6692708328125 0.27734375 0.6158854171875 0.275390625 0.59765625 0.2646484375 0.5885416671875 0.2255859375 0.5885416671875 0.2001953125 0.6015625 0.193359375 0.6315104171875
3 0.2998046875 0.5677083328125 0.30078125 0.6549479171875 0.3134765625 0.6822916671875 0.3330078125 0.6796875 0.37109375 0.6263020828125 0.37109375 0.58984375 0.3349609375 0.5677083328125 0.2998046875 0.5677083328125
3 0.373046875 0.6393229171875 0.375 0.66015625 0.4345703125 0.6848958328125 0.4619140625 0.6666666671875 0.462890625 0.63671875 0.44921875 0.5690104171875 0.4404296875 0.5651041671875 0.3896484375 0.5989583328125 0.373046875 0.6393229171875
3 0.57421875 0.89453125 0.587890625 0.91796875 0.6123046875 0.9348958328125001 0.662109375 0.9283854171874999 0.662109375 0.8580729171874999 0.6455078125 0.8177083328125001 0.6259765625 0.8151041671874999 0.587890625 0.8346354171874999 0.57421875 0.89453125
3 0.673828125 0.8684895828125001 0.67578125 0.9153645828125001 0.7236328125 0.9322916671874999 0.759765625 0.9153645828125001 0.75 0.8450520828125001 0.7314453125 0.8177083328125001 0.7158203125 0.8125 0.6875 0.8372395828125001 0.673828125 0.8684895828125001
3 0.763671875 0.8658854171874999 0.765625 0.8815104171874999 0.8154296875 0.9322916671874999 0.8310546875 0.9322916671874999 0.8515625 0.87890625 0.8515625 0.8606770828125001 0.8310546875 0.8385416671874999 0.7822265625 0.8359375 0.763671875 0.8658854171874999
3 0.587890625 0.7174479171875 0.587890625 0.7981770828125 0.662109375 0.7981770828125 0.6484375 0.7044270828125 0.6357421875 0.6875 0.6181640625 0.6875 0.587890625 0.7174479171875
3 0.673828125 0.7591145828125 0.6875 0.7955729171875 0.7216796875 0.8072916671874999 0.759765625 0.7799479171875 0.759765625 0.75390625 0.7353515625 0.703125 0.7041015625 0.6927083328125 0.6875 0.7044270828125 0.673828125 0.7356770828125 0.673828125 0.7591145828125
3 0.7734375 0.7799479171875 0.8017578125 0.8177083328125001 0.8212890625 0.8177083328125001 0.853515625 0.7643229171875 0.8515625 0.7200520828125 0.7978515625 0.6822916671875 0.7783203125 0.6822916671875 0.7734375 0.7799479171875
3 0.57421875 0.6184895828125 0.5751953125 0.6510416671875 0.6162109375 0.6796875 0.6494140625 0.6796875 0.662109375 0.6106770828125 0.6474609375 0.5833333328125 0.6005859375 0.5859375 0.57421875 0.6184895828125
3 0.6884765625 0.5677083328125 0.6875 0.6627604171875 0.7060546875 0.6901041671875 0.7236328125 0.6901041671875 0.7451171875 0.6666666671875 0.755859375 0.62890625 0.75 0.5872395828125 0.7236328125 0.5677083328125 0.6884765625 0.5677083328125
3 0.7626953125 0.6015625 0.76171875 0.6653645828125 0.8330078125 0.6848958328125 0.849609375 0.6627604171875 0.8515625 0.5846354171875 0.8134765625 0.5651041671875 0.7626953125 0.6015625
3 0.1875 0.3684895828125 0.1884765625 0.3984375 0.2724609375 0.3984375 0.275390625 0.31640625 0.2587890625 0.2994791671875 0.2431640625 0.2994791671875 0.2138671875 0.3177083328125 0.1875 0.3684895828125
3 0.287109375 0.3372395828125 0.287109375 0.3841145828125 0.2939453125 0.4010416671875 0.3701171875 0.4010416671875 0.375 0.3919270828125 0.36328125 0.3216145828125 0.3427734375 0.3020833328125 0.3173828125 0.3020833328125 0.287109375 0.3372395828125
3 0.375 0.3346354171875 0.37890625 0.3658854171875 0.4150390625 0.4192708328125 0.4443359375 0.4192708328125 0.462890625 0.3606770828125 0.462890625 0.32421875 0.4580078125 0.3151041671875 0.3876953125 0.3151041671875 0.375 0.3346354171875
3 0.19921875 0.19921875 0.2021484375 0.2838541671875 0.2705078125 0.28125 0.283203125 0.26171875 0.2734375 0.20442708281250002 0.2412109375 0.1770833328125 0.2138671875 0.1822916671875 0.19921875 0.19921875
3 0.287109375 0.22005208281250002 0.287109375 0.24609375 0.3193359375 0.2942708328125 0.37109375 0.2669270828125 0.375 0.22005208281250002 0.3466796875 0.1822916671875 0.3193359375 0.1744791671875 0.287109375 0.22005208281250002
3 0.38671875 0.26171875 0.412109375 0.2981770828125 0.4345703125 0.3020833328125 0.462890625 0.2513020828125 0.462890625 0.20442708281250002 0.4072265625 0.1692708328125 0.3896484375 0.1692708328125 0.38671875 0.26171875
3 0.2021484375 0.0703125 0.1953125 0.12109375 0.2412109375 0.1666666671875 0.2587890625 0.1692708328125 0.27734375 0.1315104171875 0.27734375 0.1028645828125 0.2568359375 0.0703125 0.2021484375 0.0703125
3 0.3037109375 0.05208333281250001 0.3046875 0.1315104171875 0.3232421875 0.1666666671875 0.3330078125 0.1692708328125 0.365234375 0.1236979171875 0.359375 0.07682291718749999 0.3193359375 0.05208333281250001 0.3037109375 0.05208333281250001
3 0.38671875 0.09244791718749999 0.384765625 0.1419270828125 0.4267578125 0.1640625 0.462890625 0.1653645828125 0.462890625 0.12109375 0.4482421875 0.0494791671875 0.4287109375 0.0494791671875 0.3984375 0.07161458281250001 0.38671875 0.09244791718749999
3 0.576171875 0.3736979171875 0.5771484375 0.4010416671875 0.6259765625 0.3984375 0.6640625 0.36328125 0.6640625 0.34765625 0.6337890625 0.3020833328125 0.6044921875 0.2994791671875 0.576171875 0.3736979171875
3 0.673828125 0.3216145828125 0.673828125 0.3997395828125 0.7255859375 0.4010416671875 0.75 0.3658854171875 0.755859375 0.3216145828125 0.6904296875 0.2942708328125 0.673828125 0.3216145828125
3 0.763671875 0.34765625 0.765625 0.37890625 0.7783203125 0.4010416671875 0.8291015625 0.4010416671875 0.8515625 0.3763020828125 0.8515625 0.3606770828125 0.8359375 0.3111979171875 0.8212890625 0.3046875 0.763671875 0.34765625
3 0.5869140625 0.1822916671875 0.5869140625 0.2838541671875 0.6201171875 0.2838541671875 0.6611328125 0.23177083281250002 0.6640625 0.18359375 0.6181640625 0.1666666671875 0.6025390625 0.1666666671875 0.5869140625 0.1822916671875
3 0.67578125 0.2643229171875 0.6923828125 0.2864583328125 0.7236328125 0.2838541671875 0.75 0.24609375 0.76171875 0.20182291718749998 0.7587890625 0.1848958328125 0.7080078125 0.1770833328125 0.67578125 0.20182291718749998 0.67578125 0.2643229171875
3 0.763671875 0.24609375 0.7802734375 0.2682291671875 0.7998046875 0.2890625 0.8115234375 0.2890625 0.833984375 0.25390625 0.8349609375 0.1796875 0.8212890625 0.1770833328125 0.763671875 0.22005208281250002 0.763671875 0.24609375
3 0.57421875 0.1315104171875 0.5888671875 0.1510416671875 0.662109375 0.14453125 0.666015625 0.1158854171875 0.6513671875 0.05208333281250001 0.6181640625 0.0494791671875 0.576171875 0.1028645828125 0.57421875 0.1315104171875
3 0.673828125 0.12109375 0.689453125 0.1471354171875 0.7060546875 0.1666666671875 0.7197265625 0.1666666671875 0.74609375 0.1236979171875 0.74609375 0.06640625 0.7392578125 0.05208333281250001 0.7216796875 0.05208333281250001 0.68359375 0.07421875 0.673828125 0.09765625 0.673828125 0.12109375
3 0.783203125 0.07682291718749999 0.7685546875 0.1458333328125 0.7958984375 0.1666666671875 0.853515625 0.1028645828125 0.845703125 0.06901041718749999 0.8154296875 0.046875 0.8056640625 0.0494791671875 0.783203125 0.07682291718749999