1 0.8876953125 0.98046875 0.888671875 0.8896484375 0.880859375 0.8779296875 0.85546875 0.8447265625 0.8251953125 0.8203125 0.7685546875 0.822265625 0.765625 0.9013671875 0.794921875 0.9482421875 0.8876953125 0.98046875
0 0.7197265625 0.818359375 0.6962890625 0.818359375 0.693359375 0.9052734375 0.7021484375 0.919921875 0.7275390625 0.919921875 0.728515625 0.8291015625 0.7197265625 0.818359375
1 0.6484375 0.8212890625 0.5888671875 0.8203125 0.583984375 0.8974609375 0.595703125 0.9501953125 0.6630859375 0.953125 0.666015625 0.8623046875 0.6484375 0.8212890625
0 0.8134765625 0.69921875 0.7861328125 0.69921875 0.78515625 0.7880859375 0.7958984375 0.796875 0.8203125 0.7958984375 0.822265625 0.7080078125 0.8134765625 0.69921875
1 0.763671875 0.7236328125 0.7353515625 0.701171875 0.6787109375 0.701171875 0.67578125 0.7841796875 0.69140625 0.8095703125 0.7021484375 0.81640625 0.7626953125 0.81640625 0.763671875 0.7236328125
1 0.8271484375 0.580078125 0.765625 0.5849609375 0.7705078125 0.66796875 0.7978515625 0.68359375 0.8662109375 0.681640625 0.8623046875 0.58984375 0.8271484375 0.580078125
0 0.673828125 0.6181640625 0.7333984375 0.6640625 0.744140625 0.6533203125 0.748046875 0.6298828125 0.6845703125 0.583984375 0.673828125 0.6181640625
0 0.634765625 0.7958984375 0.634765625 0.7041015625 0.6064453125 0.69921875 0.60546875 0.7919921875 0.634765625 0.7958984375
0 0.65625 0.6416015625 0.65625 0.6318359375 0.6396484375 0.6171875 0.6005859375 0.587890625 0.591796875 0.5908203125 0.583984375 0.6201171875 0.6142578125 0.64453125 0.6455078125 0.6640625 0.65625 0.6416015625
0 0.763671875 0.3466796875 0.7666015625 0.380859375 0.8408203125 0.376953125 0.8388671875 0.337890625 0.7724609375 0.33984375 0.763671875 0.3466796875
0 0.8359375 0.2607421875 0.806640625 0.1904296875 0.7978515625 0.1875 0.76953125 0.2158203125 0.798828125 0.2861328125 0.8056640625 0.2890625 0.8232421875 0.27734375 0.8359375 0.2607421875
0 0.7421875 0.3818359375 0.712890625 0.3134765625 0.7060546875 0.310546875 0.6796875 0.3369140625 0.708984375 0.4052734375 0.7138671875 0.41015625 0.7373046875 0.39453125 0.7421875 0.3818359375
0 0.6142578125 0.310546875 0.591796875 0.3271484375 0.58984375 0.3369140625 0.619140625 0.4052734375 0.6357421875 0.40234375 0.650390625 0.3857421875 0.6142578125 0.310546875
0 0.734375 0.2568359375 0.740234375 0.2490234375 0.740234375 0.2041015625 0.7119140625 0.17578125 0.6796875 0.2255859375 0.677734375 0.2412109375 0.6923828125 0.267578125 0.7236328125 0.267578125 0.734375 0.2568359375
2 0.64453125 0.2021484375 0.6201171875 0.17578125 0.5859375 0.2275390625 0.5859375 0.2431640625 0.6025390625 0.267578125 0.6318359375 0.267578125 0.640625 0.2587890625 0.64453125 0.2021484375
2 0.734375 0.2568359375 0.740234375 0.2490234375 0.740234375 0.2041015625 0.7119140625 0.17578125 0.6796875 0.2255859375 0.677734375 0.2412109375 0.6923828125 0.267578125 0.7236328125 0.267578125 0.734375 0.2568359375
2 0.8154296875 0.146484375 0.830078125 0.1298828125 0.8359375 0.1220703125 0.8359375 0.0751953125 0.8115234375 0.05078125 0.8037109375 0.05078125 0.771484375 0.1025390625 0.76953125 0.1181640625 0.7802734375 0.146484375 0.8154296875 0.146484375
0 0.7060546875 0.0625 0.685546875 0.0791015625 0.681640625 0.1025390625 0.7099609375 0.16796875 0.740234375 0.1474609375 0.736328125 0.1201171875 0.7060546875 0.0625
1 0.44921875 0.3037109375 0.3818359375 0.30078125 0.37890625 0.3955078125 0.3916015625 0.404296875 0.453125 0.4033203125 0.455078125 0.3251953125 0.44921875 0.3037109375
1 0.36328125 0.3212890625 0.35546875 0.3095703125 0.3447265625 0.30078125 0.2802734375 0.30078125 0.279296875 0.3916015625 0.3017578125 0.404296875 0.3603515625 0.404296875 0.36328125 0.3212890625
1 0.2734375 0.3212890625 0.2431640625 0.298828125 0.1806640625 0.30078125 0.17578125 0.3134765625 0.181640625 0.3916015625 0.2099609375 0.404296875 0.2734375 0.4013671875 0.2734375 0.3212890625
3 0.45703125 0.2275390625 0.43359375 0.1845703125 0.4169921875 0.17578125 0.392578125 0.2314453125 0.39453125 0.2763671875 0.4052734375 0.28515625 0.453125 0.2626953125 0.45703125 0.2275390625
1 0.447265625 0.0341796875 0.3837890625 0.03125 0.37890625 0.1240234375 0.390625 0.1630859375 0.453125 0.1630859375 0.455078125 0.0849609375 0.447265625 0.0341796875
1 0.36328125 0.0771484375 0.345703125 0.0341796875 0.2802734375 0.033203125 0.27734375 0.1201171875 0.296875 0.1572265625 0.3037109375 0.1640625 0.3603515625 0.1640625 0.36328125 0.0771484375
1 0.349609375 0.1708984375 0.2802734375 0.169921875 0.279296875 0.2587890625 0.3017578125 0.283203125 0.3623046875 0.283203125 0.36328125 0.2001953125 0.349609375 0.1708984375
1 0.2451171875 0.16796875 0.1806640625 0.16796875 0.177734375 0.2568359375 0.2099609375 0.283203125 0.2724609375 0.283203125 0.26953125 0.1943359375 0.2451171875 0.16796875
0 0.2470703125 0.064453125 0.2216796875 0.064453125 0.220703125 0.1572265625 0.2294921875 0.166015625 0.2548828125 0.166015625 0.255859375 0.0771484375 0.2470703125 0.064453125
1 0.46484375 0.8740234375 0.4326171875 0.810546875 0.37890625 0.8486328125 0.37109375 0.9033203125 0.4013671875 0.96875 0.4521484375 0.931640625 0.462890625 0.9111328125 0.46484375 0.8740234375
1 0.4345703125 0.568359375 0.373046875 0.6142578125 0.37890625 0.6513671875 0.4013671875 0.697265625 0.4609375 0.6513671875 0.462890625 0.6318359375 0.4345703125 0.568359375
1 0.3671875 0.6162109375 0.3447265625 0.568359375 0.3212890625 0.576171875 0.275390625 0.6142578125 0.27734375 0.6494140625 0.2998046875 0.697265625 0.369140625 0.6435546875 0.3671875 0.6162109375
1 0.2548828125 0.568359375 0.2138671875 0.580078125 0.16796875 0.6220703125 0.1982421875 0.697265625 0.2724609375 0.6484375 0.2734375 0.6064453125 0.2548828125 0.568359375
1 0.462890625 0.7763671875 0.462890625 0.7490234375 0.4345703125 0.689453125 0.4033203125 0.70703125 0.373046875 0.7412109375 0.37109375 0.7685546875 0.3994140625 0.828125 0.4541015625 0.796875 0.462890625 0.7763671875
1 0.3427734375 0.939453125 0.357421875 0.9267578125 0.3671875 0.9033203125 0.3671875 0.8544921875 0.3408203125 0.80859375 0.2939453125 0.841796875 0.27734375 0.8720703125 0.271484375 0.9052734375 0.294921875 0.9619140625 0.3037109375 0.966796875 0.3427734375 0.939453125
1 0.3671875 0.7685546875 0.3671875 0.7353515625 0.3427734375 0.6875 0.291015625 0.7255859375 0.26499452031250004 0.759397084375 0.28515625 0.7939453125 0.29713209687500003 0.839703875 0.3486328125 0.798828125 0.3671875 0.7685546875
1 0.271484375 0.8974609375 0.27734375 0.8603515625 0.2529296875 0.80859375 0.1806640625 0.85546875 0.166015625 0.8876953125 0.181640625 0.9404296875 0.1982421875 0.966796875 0.2509765625 0.931640625 0.271484375 0.8974609375
1 0.271484375 0.7275390625 0.2412109375 0.697265625 0.166015625 0.7568359375 0.181640625 0.7958984375 0.19893411562500002 0.8272117609375 0.2412109375 0.802734375 0.26953125 0.7763671875 0.271484375 0.7275390625