1 0.88671875 0.8857421875 0.8291015625 0.8203125 0.7685546875 0.822265625 0.765625 0.9033203125 0.7890625 0.9423828125 0.8037109375 0.953125 0.8876953125 0.98046875 0.88671875 0.8857421875
0 0.7177734375 0.818359375 0.6962890625 0.818359375 0.693359375 0.9052734375 0.7001953125 0.919921875 0.7275390625 0.919921875 0.728515625 0.8291015625 0.7177734375 0.818359375
1 0.869140625 0.7294921875 0.8271484375 0.701171875 0.7685546875 0.703125 0.767578125 0.7841796875 0.791015625 0.8134765625 0.7978515625 0.818359375 0.8671875 0.8154296875 0.869140625 0.7294921875
1 0.765625 0.8134765625 0.763671875 0.7236328125 0.7412109375 0.701171875 0.6806640625 0.701171875 0.67578125 0.7822265625 0.693359375 0.8115234375 0.7607421875 0.818359375 0.765625 0.8134765625
1 0.8671875 0.9521484375 0.880859375 0.8818359375 0.8671875 0.8603515625 0.8271484375 0.8203125 0.7705078125 0.822265625 0.765625 0.9033203125 0.7890625 0.9423828125 0.8037109375 0.953125 0.8671875 0.9521484375
0 0.6064453125 0.697265625 0.60546875 0.7919921875 0.634765625 0.7958984375 0.634765625 0.7041015625 0.6279296875 0.697265625 0.6064453125 0.697265625
0 0.78515625 0.6669921875 0.7958984375 0.673828125 0.8203125 0.6728515625 0.822265625 0.5830078125 0.7861328125 0.578125 0.78515625 0.6669921875
3 0.755859375 0.6376953125 0.73828125 0.5830078125 0.7080078125 0.578125 0.673828125 0.6162109375 0.671875 0.6318359375 0.6923828125 0.654296875 0.75390625 0.6552734375 0.755859375 0.6376953125
3 0.66015625 0.6337890625 0.64453125 0.5830078125 0.6181640625 0.578125 0.580078125 0.6201171875 0.580078125 0.6298828125 0.6064453125 0.658203125 0.6572265625 0.65625 0.66015625 0.6337890625
1 0.8037109375 0.298828125 0.76953125 0.3212890625 0.7705078125 0.404296875 0.8310546875 0.404296875 0.8671875 0.3896484375 0.8662109375 0.30078125 0.8037109375 0.298828125
1 0.6962890625 0.30078125 0.67578125 0.3232421875 0.67578125 0.4013671875 0.7392578125 0.404296875 0.765625 0.3896484375 0.765625 0.3017578125 0.6962890625 0.30078125
2 0.6357421875 0.306640625 0.61328125 0.3232421875 0.59375 0.3720703125 0.6220703125 0.39453125 0.65234375 0.3818359375 0.646484375 0.3115234375 0.6357421875 0.306640625
2 0.83203125 0.2705078125 0.84375 0.2529296875 0.841796875 0.2158203125 0.83203125 0.1845703125 0.8232421875 0.181640625 0.787109375 0.2138671875 0.7734375 0.2529296875 0.8017578125 0.275390625 0.83203125 0.2705078125
2 0.7275390625 0.18359375 0.697265625 0.2138671875 0.677734375 0.2587890625 0.7119140625 0.275390625 0.744140625 0.2607421875 0.740234375 0.1884765625 0.7275390625 0.18359375
2 0.65234375 0.2431640625 0.646484375 0.1865234375 0.6357421875 0.1796875 0.615234375 0.1943359375 0.59375 0.2529296875 0.6220703125 0.275390625 0.6474609375 0.263671875 0.65234375 0.2431640625
1 0.864895025 0.065004909375 0.8701171875 0.03125 0.8037109375 0.03125 0.76953125 0.0732421875 0.767578125 0.1630859375 0.8291015625 0.1640625 0.864895025 0.12032733749999999 0.864895025 0.065004909375
1 0.7001953125 0.03125 0.67578125 0.0830078125 0.677734375 0.1630859375 0.7333984375 0.166015625 0.765625 0.1279296875 0.767578125 0.0361328125 0.7001953125 0.03125
2 0.654296875 0.1318359375 0.658203125 0.1142578125 0.646484375 0.0615234375 0.6396484375 0.056640625 0.6162109375 0.064453125 0.59375 0.1337890625 0.6044921875 0.150390625 0.6201171875 0.15625 0.654296875 0.1318359375
0 0.455078125 0.3798828125 0.4521484375 0.33984375 0.38671875 0.3408203125 0.3916015625 0.380859375 0.455078125 0.3798828125
0 0.4248046875 0.185546875 0.390625 0.2607421875 0.392578125 0.2705078125 0.4189453125 0.2890625 0.44140625 0.2431640625 0.44921875 0.2041015625 0.4248046875 0.185546875
0 0.4541015625 0.140625 0.4541015625 0.091796875 0.384765625 0.0947265625 0.3896484375 0.140625 0.4541015625 0.140625
0 0.365234375 0.3798828125 0.3623046875 0.36328125 0.3115234375 0.32421875 0.30078125 0.3251953125 0.291015625 0.3466796875 0.2939453125 0.35546875 0.3447265625 0.396484375 0.3564453125 0.3984375 0.365234375 0.3798828125
0 0.2890625 0.2294921875 0.3544921875 0.287109375 0.361328125 0.2841796875 0.369140625 0.2431640625 0.3037109375 0.197265625 0.2890625 0.2294921875
0 0.19921875 0.3427734375 0.2041015625 0.37890625 0.275390625 0.3798828125 0.27734375 0.3544921875 0.2685546875 0.33984375 0.19921875 0.3427734375
0 0.2685546875 0.216796875 0.19921875 0.2177734375 0.19921875 0.2509765625 0.2080078125 0.259765625 0.2724609375 0.26171875 0.27734375 0.2314453125 0.2685546875 0.216796875
0 0.205078125 0.1455078125 0.2392578125 0.16796875 0.26953125 0.1005859375 0.271484375 0.0791015625 0.2373046875 0.0625 0.205078125 0.1455078125
1 0.4072265625 0.966796875 0.4609375 0.9228515625 0.462890625 0.8701171875 0.4375 0.8115234375 0.3935546875 0.828125 0.375 0.8544921875 0.369140625 0.8955078125 0.37890625 0.9345703125 0.3984375 0.9658203125 0.4072265625 0.966796875
1 0.3193359375 0.958984375 0.359375 0.9248046875 0.365234375 0.9091796875 0.365234375 0.8525390625 0.3408203125 0.806640625 0.2939453125 0.841796875 0.28125 0.8603515625 0.2734375 0.9033203125 0.291015625 0.9580078125 0.2978515625 0.966796875 0.3193359375 0.958984375
1 0.26953125 0.9052734375 0.271484375 0.8466796875 0.2548828125 0.80859375 0.2236328125 0.82421875 0.1865234375 0.85546875 0.16796875 0.8896484375 0.1982421875 0.966796875 0.2333984375 0.947265625 0.26953125 0.9052734375
1 0.46484375 0.7509765625 0.4345703125 0.6875 0.3896484375 0.716796875 0.3671875 0.7509765625 0.3994140625 0.828125 0.4541015625 0.796875 0.462890625 0.7783203125 0.46484375 0.7509765625
2 0.34765625 0.7822265625 0.3515625 0.7021484375 0.3388671875 0.697265625 0.296875 0.7197265625 0.287109375 0.7314453125 0.287109375 0.7568359375 0.3232421875 0.8046875 0.3310546875 0.8046875 0.34765625 0.7822265625
2 0.2421875 0.8017578125 0.26171875 0.7626953125 0.2568359375 0.697265625 0.2431640625 0.69921875 0.19140625 0.7333984375 0.19140625 0.7568359375 0.20703125 0.7802734375 0.2294921875 0.8046875 0.2421875 0.8017578125
1 0.462890625 0.6298828125 0.44140625 0.5771484375 0.4306640625 0.56640625 0.369140625 0.6181640625 0.3994140625 0.697265625 0.4228515625 0.685546875 0.462890625 0.6494140625 0.462890625 0.6298828125
1 0.3671875 0.6162109375 0.3408203125 0.56640625 0.27734375 0.6103515625 0.27734375 0.6513671875 0.2978515625 0.697265625 0.3388671875 0.673828125 0.3671875 0.6474609375 0.3671875 0.6162109375
1 0.2568359375 0.662109375 0.2734375 0.6455078125 0.2734375 0.6083984375 0.2529296875 0.56640625 0.2197265625 0.576171875 0.16796875 0.6181640625 0.169921875 0.6376953125 0.1962890625 0.697265625 0.2568359375 0.662109375