0 0.80078125 0.1435546875 0.7978515625 0.10546875 0.7314453125 0.107421875 0.72265625 0.1240234375 0.72265625 0.1513671875 0.7900390625 0.15625 0.80078125 0.1435546875
0 0.708984375 0.1474609375 0.70703125 0.1083984375 0.6396484375 0.107421875 0.634765625 0.1552734375 0.7021484375 0.15625 0.708984375 0.1474609375
0 0.599609375 0.1787109375 0.59375 0.0810546875 0.564453125 0.0849609375 0.564453125 0.1806640625 0.5693359375 0.18359375 0.599609375 0.1787109375
0 0.6083984375 0.275390625 0.6123046875 0.23046875 0.5498046875 0.228515625 0.5390625 0.2705078125 0.6083984375 0.275390625
1 0.634765625 0.3486328125 0.6201171875 0.33203125 0.5751953125 0.30078125 0.537109375 0.3818359375 0.5390625 0.4052734375 0.5947265625 0.435546875 0.634765625 0.3486328125
2 0.3984375 0.1728515625 0.404296875 0.1142578125 0.3701171875 0.076171875 0.345703125 0.1005859375 0.3544921875 0.177734375 0.3740234375 0.185546875 0.3984375 0.1728515625
2 0.322265625 0.1337890625 0.310546875 0.1083984375 0.2744140625 0.080078125 0.25390625 0.0986328125 0.2646484375 0.18359375 0.2978515625 0.169921875 0.322265625 0.1337890625
2 0.40625 0.2646484375 0.400390625 0.2314453125 0.3701171875 0.208984375 0.34765625 0.2236328125 0.3544921875 0.30859375 0.3896484375 0.2890625 0.40625 0.2646484375
2 0.412109375 0.3740234375 0.4091796875 0.365234375 0.3740234375 0.337890625 0.337890625 0.3427734375 0.3564453125 0.423828125 0.3642578125 0.42578125 0.392578125 0.4072265625 0.412109375 0.3740234375
2 0.3203125 0.3857421875 0.322265625 0.3720703125 0.2861328125 0.33984375 0.2548828125 0.337890625 0.259765625 0.4189453125 0.2744140625 0.42578125 0.2998046875 0.41015625 0.3203125 0.3857421875
2 0.31640625 0.2548828125 0.314453125 0.2431640625 0.2802734375 0.205078125 0.25390625 0.2216796875 0.25 0.2470703125 0.2685546875 0.310546875 0.294921875 0.2978515625 0.31640625 0.2548828125
2 0.2265625 0.1357421875 0.220703125 0.1181640625 0.1884765625 0.0859375 0.171875 0.0830078125 0.154296875 0.1201171875 0.1728515625 0.1796875 0.212890625 0.1669921875 0.2265625 0.1357421875
2 0.1943359375 0.09765625 0.193359375 0.0908203125 0.1767578125 0.08203125 0.16015625 0.1025390625 0.16015625 0.1181640625 0.1943359375 0.09765625
2 0.236328125 0.3720703125 0.20703125 0.3388671875 0.1806640625 0.330078125 0.154296875 0.3505859375 0.154296875 0.3837890625 0.1728515625 0.42578125 0.2099609375 0.41015625 0.236328125 0.3720703125
2 0.236328125 0.2587890625 0.22265625 0.2158203125 0.2060546875 0.193359375 0.1845703125 0.193359375 0.150390625 0.2451171875 0.15234375 0.2607421875 0.1787109375 0.28515625 0.2333984375 0.283203125 0.236328125 0.2587890625
2 0.798828125 0.6572265625 0.796875 0.6435546875 0.7705078125 0.599609375 0.7509765625 0.59765625 0.7265625 0.6259765625 0.724609375 0.6669921875 0.7314453125 0.67578125 0.7705078125 0.685546875 0.798828125 0.6572265625
0 0.705078125 0.6689453125 0.7080078125 0.640625 0.6494140625 0.6015625 0.642578125 0.6025390625 0.6328125 0.6220703125 0.6396484375 0.638671875 0.6943359375 0.6796875 0.705078125 0.6689453125
1 0.62109375 0.6064453125 0.6142578125 0.599609375 0.546875 0.5966796875 0.544921875 0.6728515625 0.5556640625 0.701171875 0.62109375 0.6982421875 0.62109375 0.6064453125
1 0.8203125 0.8310546875 0.8203125 0.7392578125 0.7900390625 0.716796875 0.7265625 0.7197265625 0.7265625 0.7958984375 0.7548828125 0.833984375 0.8203125 0.8310546875
1 0.72265625 0.8310546875 0.720703125 0.7373046875 0.6982421875 0.716796875 0.63671875 0.7177734375 0.63671875 0.7998046875 0.6533203125 0.833984375 0.72265625 0.8310546875
2 0.607421875 0.7861328125 0.595703125 0.7333984375 0.5830078125 0.724609375 0.55859375 0.7255859375 0.5390625 0.7783203125 0.5458984375 0.80078125 0.5751953125 0.80859375 0.607421875 0.7861328125
0 0.796875 0.9150390625 0.80078125 0.8935546875 0.7451171875 0.84375 0.732421875 0.8427734375 0.72265625 0.8642578125 0.7275390625 0.888671875 0.7861328125 0.927734375 0.796875 0.9150390625
0 0.708984375 0.9033203125 0.703125 0.8818359375 0.6474609375 0.83984375 0.6328125 0.8642578125 0.642578125 0.8955078125 0.6943359375 0.927734375 0.708984375 0.9033203125
1 0.619140625 0.9677734375 0.619140625 0.8642578125 0.6044921875 0.833984375 0.544921875 0.8388671875 0.546875 0.9287109375 0.5556640625 0.96875 0.619140625 0.9677734375
1 0.412109375 0.6669921875 0.4228515625 0.6171875 0.3681640625 0.578125 0.3515625 0.5966796875 0.322265625 0.6708984375 0.3388671875 0.689453125 0.3837890625 0.71484375 0.412109375 0.6669921875
1 0.31640625 0.6708984375 0.33203125 0.6181640625 0.2841796875 0.58203125 0.2568359375 0.58984375 0.2421875 0.6201171875 0.236328125 0.6611328125 0.2919921875 0.701171875 0.31640625 0.6708984375
1 0.240234375 0.6240234375 0.2197265625 0.59765625 0.1943359375 0.58203125 0.1572265625 0.58984375 0.126953125 0.6396484375 0.12109375 0.6708984375 0.1669921875 0.708984375 0.212890625 0.6884765625 0.240234375 0.6240234375
1 0.333984375 0.7451171875 0.3251953125 0.732421875 0.2900390625 0.708984375 0.2705078125 0.712890625 0.24609375 0.7431640625 0.236328125 0.7900390625 0.2548828125 0.80859375 0.2939453125 0.826171875 0.333984375 0.7451171875
1 0.216796875 0.8037109375 0.240234375 0.7373046875 0.2001953125 0.708984375 0.1591796875 0.724609375 0.12109375 0.8076171875 0.1650390625 0.83984375 0.1748046875 0.837890625 0.216796875 0.8037109375
1 0.4140625 0.9208984375 0.4130859375 0.8359375 0.3544921875 0.833984375 0.341796875 0.8466796875 0.333984375 0.8740234375 0.3369140625 0.96875 0.40234375 0.9677734375 0.4140625 0.9208984375
1 0.33203125 0.8583984375 0.3173828125 0.84375 0.273921609375 0.8207809609375 0.2614237390625 0.8421961874999999 0.22265625 0.9306640625 0.2294921875 0.94921875 0.2783203125 0.986328125 0.33203125 0.8701171875 0.33203125 0.8583984375
1 0.244140625 0.8720703125 0.2412109375 0.857421875 0.1982421875 0.83203125 0.1376953125 0.87109375 0.111328125 0.9013671875 0.123046875 0.9736328125 0.1806640625 0.98046875 0.2265625 0.9169921875 0.244140625 0.8720703125