3 0.849609375 0.9111328125 0.849609375 0.8681640625 0.837890625 0.8408203125 0.7919921875 0.806640625 0.7578125 0.8544921875 0.765625 0.8837890625 0.7919921875 0.912109375 0.8173828125 0.92578125 0.849609375 0.9111328125
3 0.662109375 0.8564453125 0.638671875 0.8154296875 0.5888671875 0.82421875 0.583984375 0.8388671875 0.6015625 0.9130859375 0.6259765625 0.92578125 0.650390625 0.9228515625 0.662109375 0.8564453125
2 0.849609375 0.7568359375 0.8212890625 0.7109375 0.7802734375 0.716796875 0.7734375 0.7685546875 0.7998046875 0.806640625 0.8115234375 0.8125 0.8203125 0.8076171875 0.849609375 0.7568359375
2 0.837890625 0.6728515625 0.8515625 0.6318359375 0.8515625 0.6005859375 0.837890625 0.5771484375 0.8056640625 0.576171875 0.7666015625 0.591796875 0.775390625 0.6455078125 0.8193359375 0.67578125 0.837890625 0.6728515625
3 0.837890625 0.6728515625 0.8515625 0.6318359375 0.8515625 0.6005859375 0.837890625 0.5771484375 0.8056640625 0.576171875 0.7666015625 0.591796875 0.775390625 0.6435546875 0.8193359375 0.67578125 0.837890625 0.6728515625
3 0.75 0.6162109375 0.736328125 0.5830078125 0.7041015625 0.564453125 0.669921875 0.6220703125 0.7060546875 0.66015625 0.7275390625 0.6640625 0.75 0.6572265625 0.75 0.6162109375
3 0.650390625 0.6591796875 0.6640625 0.6025390625 0.6611328125 0.587890625 0.6455078125 0.576171875 0.6279296875 0.57421875 0.576171875 0.5908203125 0.6064453125 0.662109375 0.6396484375 0.67578125 0.650390625 0.6591796875
0 0.43359375 0.8974609375 0.44921875 0.8544921875 0.44921875 0.8291015625 0.4287109375 0.810546875 0.4189453125 0.8125 0.388671875 0.8798828125 0.390625 0.9091796875 0.4033203125 0.921875 0.4150390625 0.921875 0.43359375 0.8974609375
0 0.451171875 0.7138671875 0.4287109375 0.6875 0.400390625 0.7314453125 0.388671875 0.7880859375 0.4033203125 0.80078125 0.4150390625 0.798828125 0.44921875 0.7373046875 0.451171875 0.7138671875
0 0.4150390625 0.57421875 0.392578125 0.6494140625 0.4052734375 0.673828125 0.423828125 0.6728515625 0.44921875 0.6181640625 0.4453125 0.5791015625 0.4150390625 0.57421875
0 0.349609375 0.6435546875 0.36328125 0.6083984375 0.3583984375 0.57421875 0.3349609375 0.576171875 0.314453125 0.5908203125 0.30078125 0.6591796875 0.3076171875 0.669921875 0.3330078125 0.673828125 0.349609375 0.6435546875
0 0.2568359375 0.57421875 0.2265625 0.5830078125 0.201171875 0.6494140625 0.2177734375 0.671875 0.25 0.6728515625 0.275390625 0.5966796875 0.2568359375 0.57421875
3 0.376953125 0.8779296875 0.375 0.8720703125 0.3369140625 0.818359375 0.3173828125 0.81640625 0.2890625 0.8681640625 0.287109375 0.9091796875 0.349609375 0.9072265625 0.376953125 0.8779296875
3 0.3330078125 0.701171875 0.2890625 0.7197265625 0.27734375 0.7607421875 0.3037109375 0.798828125 0.337890625 0.7978515625 0.36328125 0.7294921875 0.3330078125 0.701171875
3 0.275390625 0.7568359375 0.27734375 0.7451171875 0.24609375 0.6982421875 0.2255859375 0.697265625 0.20703125 0.7119140625 0.1875 0.7607421875 0.1943359375 0.783203125 0.2451171875 0.783203125 0.275390625 0.7568359375
2 0.3330078125 0.701171875 0.2890625 0.7197265625 0.27734375 0.7587890625 0.3037109375 0.798828125 0.337890625 0.7978515625 0.36328125 0.7294921875 0.3330078125 0.701171875
2 0.7958984375 0.412109375 0.828125 0.3916015625 0.8515625 0.3603515625 0.8515625 0.3388671875 0.8095703125 0.3125 0.7724609375 0.32421875 0.765625 0.3330078125 0.763671875 0.3740234375 0.77734375 0.3955078125 0.7958984375 0.412109375
2 0.73828125 0.3876953125 0.748046875 0.3369140625 0.7373046875 0.32421875 0.7158203125 0.31640625 0.66796875 0.3330078125 0.67578125 0.3740234375 0.6943359375 0.400390625 0.7216796875 0.3984375 0.73828125 0.3876953125
2 0.849609375 0.2197265625 0.8193359375 0.1875 0.765625 0.2080078125 0.76171875 0.2548828125 0.7783203125 0.287109375 0.7998046875 0.287109375 0.837890625 0.2607421875 0.849609375 0.2197265625
2 0.8359375 0.1240234375 0.841796875 0.0888671875 0.8173828125 0.064453125 0.8017578125 0.0625 0.763671875 0.0791015625 0.763671875 0.1357421875 0.7783203125 0.16015625 0.8076171875 0.1640625 0.8359375 0.1240234375
2 0.7216796875 0.1640625 0.736328125 0.1357421875 0.75 0.1025390625 0.75 0.0751953125 0.7021484375 0.0625 0.6806640625 0.076171875 0.673828125 0.0888671875 0.67578125 0.1142578125 0.693359375 0.1552734375 0.7216796875 0.1640625
2 0.7099609375 0.287109375 0.736328125 0.2607421875 0.75 0.2333984375 0.74609375 0.2060546875 0.7099609375 0.185546875 0.6806640625 0.19921875 0.669921875 0.2138671875 0.67578125 0.2548828125 0.693359375 0.2861328125 0.7099609375 0.287109375
2 0.6455078125 0.328125 0.6162109375 0.3125 0.576171875 0.3271484375 0.57421875 0.3466796875 0.587890625 0.3955078125 0.6005859375 0.408203125 0.6484375 0.3720703125 0.6455078125 0.328125
2 0.650390625 0.2021484375 0.6357421875 0.189453125 0.6162109375 0.189453125 0.578125 0.2041015625 0.5908203125 0.275390625 0.6240234375 0.275390625 0.642578125 0.2451171875 0.650390625 0.2021484375
2 0.646484375 0.1220703125 0.650390625 0.0791015625 0.6376953125 0.06640625 0.6181640625 0.064453125 0.578125 0.0791015625 0.587890625 0.1396484375 0.6025390625 0.1640625 0.6357421875 0.162109375 0.646484375 0.1220703125
3 0.4580078125 0.328125 0.4189453125 0.30078125 0.392578125 0.3017578125 0.3984375 0.3798828125 0.4130859375 0.41015625 0.4375 0.4091796875 0.45703125 0.3583984375 0.4580078125 0.328125
3 0.3515625 0.3837890625 0.365234375 0.3603515625 0.36328125 0.3349609375 0.3212890625 0.302734375 0.3056640625 0.306640625 0.302734375 0.3798828125 0.314453125 0.4013671875 0.3310546875 0.412109375 0.3515625 0.3837890625
3 0.27734375 0.3603515625 0.279296875 0.3427734375 0.2470703125 0.314453125 0.2255859375 0.306640625 0.20703125 0.3095703125 0.201171875 0.3818359375 0.2275390625 0.41015625 0.2392578125 0.412109375 0.27734375 0.3603515625
3 0.4013671875 0.1796875 0.3984375 0.2529296875 0.4140625 0.2880859375 0.4345703125 0.287109375 0.4609375 0.2470703125 0.458984375 0.2041015625 0.4013671875 0.1796875
3 0.3671875 0.2392578125 0.359375 0.2041015625 0.3056640625 0.201171875 0.287109375 0.2275390625 0.287109375 0.2412109375 0.3271484375 0.28515625 0.3515625 0.2841796875 0.3671875 0.2392578125
3 0.27734375 0.2412109375 0.275390625 0.2060546875 0.2451171875 0.1875 0.2099609375 0.1796875 0.203125 0.2529296875 0.2333984375 0.291015625 0.26171875 0.2646484375 0.27734375 0.2412109375
3 0.453125 0.0751953125 0.4228515625 0.05078125 0.3974609375 0.052734375 0.396484375 0.1220703125 0.4189453125 0.169921875 0.42578125 0.1689453125 0.45703125 0.1220703125 0.453125 0.0751953125
3 0.365234375 0.1240234375 0.357421875 0.0751953125 0.3232421875 0.048828125 0.3056640625 0.052734375 0.30078125 0.1455078125 0.3193359375 0.173828125 0.35546875 0.1455078125 0.365234375 0.1240234375
3 0.27734375 0.1220703125 0.271484375 0.0771484375 0.2353515625 0.05078125 0.2080078125 0.052734375 0.20703125 0.1240234375 0.228515625 0.1689453125 0.244140625 0.1728515625 0.27734375 0.1220703125