3 0.7080078125 0.57421875 0.67578125 0.6044921875 0.669921875 0.6220703125 0.7216796875 0.662109375 0.748046875 0.6572265625 0.73828125 0.5908203125 0.7080078125 0.57421875
3 0.6181640625 0.57421875 0.5859375 0.6044921875 0.578125 0.6337890625 0.6259765625 0.662109375 0.65625 0.6552734375 0.642578125 0.5908203125 0.6181640625 0.57421875
3 0.45703125 0.3564453125 0.455078125 0.3330078125 0.4013671875 0.328125 0.380859375 0.3505859375 0.380859375 0.3662109375 0.4228515625 0.40625 0.44140625 0.4052734375 0.45703125 0.3564453125
3 0.365234375 0.3583984375 0.36328125 0.3349609375 0.3544921875 0.328125 0.3056640625 0.328125 0.287109375 0.3642578125 0.3232421875 0.40234375 0.3515625 0.4052734375 0.365234375 0.3583984375
3 0.27734375 0.3427734375 0.2607421875 0.328125 0.2099609375 0.328125 0.193359375 0.3525390625 0.193359375 0.3642578125 0.2294921875 0.40234375 0.26171875 0.4033203125 0.27734375 0.3427734375
3 0.45703125 0.2373046875 0.453125 0.2021484375 0.3994140625 0.201171875 0.380859375 0.2275390625 0.380859375 0.2412109375 0.4228515625 0.287109375 0.44140625 0.2861328125 0.45703125 0.2373046875
3 0.3515625 0.2841796875 0.365234375 0.2392578125 0.361328125 0.2080078125 0.3564453125 0.201171875 0.3056640625 0.201171875 0.287109375 0.2294921875 0.287109375 0.2412109375 0.3330078125 0.287109375 0.3515625 0.2841796875
3 0.27734375 0.2373046875 0.2734375 0.2158203125 0.2607421875 0.201171875 0.2099609375 0.201171875 0.193359375 0.2392578125 0.2392578125 0.28515625 0.26171875 0.2841796875 0.27734375 0.2373046875
3 0.26171875 0.1650390625 0.27734375 0.1142578125 0.267578125 0.0830078125 0.2607421875 0.07421875 0.2099609375 0.07421875 0.193359375 0.1044921875 0.1953125 0.1201171875 0.2431640625 0.16796875 0.26171875 0.1650390625
3 0.3515625 0.1650390625 0.365234375 0.1181640625 0.359375 0.0791015625 0.3388671875 0.072265625 0.3056640625 0.07421875 0.287109375 0.1044921875 0.2890625 0.1201171875 0.3349609375 0.16796875 0.3515625 0.1650390625
3 0.453125 0.0751953125 0.3994140625 0.07421875 0.37890625 0.1142578125 0.4228515625 0.16796875 0.44140625 0.1669921875 0.45703125 0.1162109375 0.453125 0.0751953125
3 0.6572265625 0.328125 0.6142578125 0.306640625 0.6015625 0.3134765625 0.59765625 0.3818359375 0.6162109375 0.412109375 0.62890625 0.4072265625 0.658203125 0.3544921875 0.6572265625 0.328125
3 0.6572265625 0.201171875 0.6201171875 0.1796875 0.603515625 0.1845703125 0.59765625 0.2607421875 0.6162109375 0.2890625 0.62890625 0.2841796875 0.658203125 0.2314453125 0.6572265625 0.201171875
3 0.654296875 0.1162109375 0.66015625 0.0771484375 0.6201171875 0.052734375 0.6083984375 0.052734375 0.59765625 0.0849609375 0.59765625 0.1416015625 0.6181640625 0.16796875 0.626953125 0.1650390625 0.654296875 0.1162109375
3 0.755859375 0.3525390625 0.755859375 0.3330078125 0.7060546875 0.306640625 0.689453125 0.3193359375 0.689453125 0.3857421875 0.7080078125 0.412109375 0.720703125 0.4091796875 0.755859375 0.3525390625
3 0.849609375 0.3544921875 0.8515625 0.3310546875 0.8134765625 0.30859375 0.7939453125 0.30859375 0.77734375 0.3232421875 0.77734375 0.3818359375 0.8017578125 0.412109375 0.814453125 0.4091796875 0.849609375 0.3544921875
3 0.814453125 0.2841796875 0.8515625 0.2255859375 0.8515625 0.2021484375 0.8115234375 0.1796875 0.7978515625 0.1796875 0.77734375 0.2041015625 0.77734375 0.2626953125 0.7998046875 0.2890625 0.814453125 0.2841796875
3 0.75390625 0.1025390625 0.7509765625 0.072265625 0.7158203125 0.052734375 0.69921875 0.0556640625 0.689453125 0.0791015625 0.689453125 0.1455078125 0.7080078125 0.166015625 0.720703125 0.1630859375 0.75390625 0.1025390625
1 0.6982421875 0.166015625 0.67578125 0.2041015625 0.67578125 0.2802734375 0.7373046875 0.28515625 0.765625 0.2587890625 0.765625 0.1689453125 0.6982421875 0.166015625
1 0.869140625 0.1201171875 0.8671875 0.0341796875 0.8017578125 0.033203125 0.765625 0.0830078125 0.767578125 0.1630859375 0.8271484375 0.1640625 0.86328125 0.1279296875 0.869140625 0.1201171875
1 0.3896484375 0.58203125 0.37890625 0.5927734375 0.37890625 0.6806640625 0.4462890625 0.68359375 0.453125 0.6689453125 0.455078125 0.5849609375 0.3896484375 0.58203125
1 0.36328125 0.6650390625 0.36328125 0.5830078125 0.3056640625 0.580078125 0.2822265625 0.58984375 0.279296875 0.6826171875 0.3466796875 0.68359375 0.353515625 0.6767578125 0.36328125 0.6650390625
1 0.2734375 0.6630859375 0.2705078125 0.58203125 0.2177734375 0.580078125 0.18359375 0.5927734375 0.1826171875 0.681640625 0.2451171875 0.68359375 0.2666015625 0.669921875 0.2734375 0.6630859375
1 0.2734375 0.7841796875 0.2705078125 0.701171875 0.2119140625 0.701171875 0.177734375 0.7275390625 0.1806640625 0.81640625 0.2451171875 0.818359375 0.267578125 0.7939453125 0.2734375 0.7841796875
1 0.36328125 0.7861328125 0.36328125 0.7041015625 0.3017578125 0.701171875 0.27734375 0.7294921875 0.27734375 0.8134765625 0.2841796875 0.818359375 0.349609375 0.8134765625 0.36328125 0.7861328125
1 0.36328125 0.9072265625 0.36328125 0.8232421875 0.3037109375 0.822265625 0.27734375 0.8642578125 0.27734375 0.9482421875 0.3447265625 0.953125 0.3515625 0.9423828125 0.36328125 0.9072265625
1 0.2734375 0.9052734375 0.2734375 0.8232421875 0.2119140625 0.822265625 0.181640625 0.8564453125 0.177734375 0.9501953125 0.2451171875 0.951171875 0.265625 0.9208984375 0.2734375 0.9052734375
1 0.41875 0.8796875 0.08125 0.13125
1 0.4171875 0.75859375 0.103125 0.1234375
2 0.83984375 0.8994140625 0.83984375 0.8720703125 0.7919921875 0.830078125 0.7734375 0.8642578125 0.779296875 0.9169921875 0.7919921875 0.92578125 0.826171875 0.9150390625 0.83984375 0.8994140625
2 0.7275390625 0.91796875 0.74609375 0.8994140625 0.74609375 0.8759765625 0.73046875 0.8505859375 0.7001953125 0.830078125 0.68359375 0.8642578125 0.6875 0.9189453125 0.7001953125 0.92578125 0.7275390625 0.91796875
2 0.6298828125 0.919921875 0.6474609375 0.904296875 0.65234375 0.8837890625 0.646484375 0.8623046875 0.6357421875 0.845703125 0.6103515625 0.830078125 0.59375 0.8642578125 0.595703125 0.9208984375 0.6064453125 0.92578125 0.6298828125 0.919921875
2 0.6103515625 0.7109375 0.59375 0.7451171875 0.59765625 0.7998046875 0.6357421875 0.796875 0.65234375 0.7763671875 0.64453125 0.7353515625 0.6103515625 0.7109375
2 0.7001953125 0.7109375 0.68359375 0.7451171875 0.6875 0.7939453125 0.6982421875 0.802734375 0.7412109375 0.779296875 0.74609375 0.7451171875 0.7001953125 0.7109375
2 0.841796875 0.7490234375 0.7900390625 0.7109375 0.7734375 0.7451171875 0.779296875 0.7939453125 0.7900390625 0.802734375 0.8232421875 0.791015625 0.83984375 0.7744140625 0.841796875 0.7490234375
2 0.83984375 0.6181640625 0.8095703125 0.59375 0.7900390625 0.58984375 0.7734375 0.6259765625 0.779296875 0.6708984375 0.7919921875 0.677734375 0.83984375 0.6494140625 0.83984375 0.6181640625