1 0.234375 0.0986328125 0.205078125 0.0517578125 0.1123046875 0.01953125 0.111328125 0.1103515625 0.119140625 0.1220703125 0.14453125 0.1552734375 0.1748046875 0.1796875 0.2314453125 0.177734375 0.234375 0.0986328125
0 0.2724609375 0.080078125 0.271484375 0.1708984375 0.2802734375 0.181640625 0.3037109375 0.181640625 0.306640625 0.0947265625 0.2978515625 0.080078125 0.2724609375 0.080078125
1 0.3369140625 0.046875 0.333984375 0.1376953125 0.3515625 0.1787109375 0.4111328125 0.1796875 0.416015625 0.1025390625 0.404296875 0.0498046875 0.3369140625 0.046875
0 0.1796875 0.2041015625 0.177734375 0.2919921875 0.1865234375 0.30078125 0.2138671875 0.30078125 0.21484375 0.2119140625 0.2041015625 0.203125 0.1796875 0.2041015625
1 0.2978515625 0.18359375 0.2373046875 0.18359375 0.236328125 0.2763671875 0.2646484375 0.298828125 0.3212890625 0.298828125 0.32421875 0.2158203125 0.30859375 0.1904296875 0.2978515625 0.18359375
1 0.1337890625 0.318359375 0.1376953125 0.41015625 0.1728515625 0.419921875 0.234375 0.4150390625 0.2294921875 0.33203125 0.2021484375 0.31640625 0.1337890625 0.318359375
0 0.251953125 0.3701171875 0.3154296875 0.416015625 0.326171875 0.3818359375 0.2666015625 0.3359375 0.255859375 0.3466796875 0.251953125 0.3701171875
0 0.3935546875 0.30078125 0.39453125 0.2080078125 0.365234375 0.2041015625 0.365234375 0.2958984375 0.3935546875 0.30078125
0 0.3857421875 0.35546875 0.3544921875 0.3359375 0.34375 0.3583984375 0.34375 0.3681640625 0.3603515625 0.3828125 0.3994140625 0.412109375 0.408203125 0.4091796875 0.416015625 0.3798828125 0.3857421875 0.35546875
0 0.1611328125 0.662109375 0.2275390625 0.66015625 0.236328125 0.6533203125 0.2333984375 0.619140625 0.1591796875 0.623046875 0.1611328125 0.662109375
0 0.1943359375 0.7109375 0.1767578125 0.72265625 0.1640625 0.7392578125 0.193359375 0.8095703125 0.2021484375 0.8125 0.23046875 0.7841796875 0.201171875 0.7138671875 0.1943359375 0.7109375
0 0.2861328125 0.58984375 0.2626953125 0.60546875 0.2578125 0.6181640625 0.287109375 0.6865234375 0.2939453125 0.689453125 0.3203125 0.6630859375 0.291015625 0.5947265625 0.2861328125 0.58984375
0 0.3642578125 0.59765625 0.349609375 0.6142578125 0.3857421875 0.689453125 0.408203125 0.6728515625 0.41015625 0.6630859375 0.380859375 0.5947265625 0.3642578125 0.59765625
0 0.3076171875 0.732421875 0.2763671875 0.732421875 0.265625 0.7431640625 0.259765625 0.7509765625 0.259765625 0.7958984375 0.2880859375 0.82421875 0.3203125 0.7744140625 0.322265625 0.7587890625 0.3076171875 0.732421875
2 0.3681640625 0.732421875 0.359375 0.7412109375 0.35546875 0.7978515625 0.3798828125 0.82421875 0.4140625 0.7724609375 0.4140625 0.7568359375 0.3974609375 0.732421875 0.3681640625 0.732421875
2 0.3076171875 0.732421875 0.2763671875 0.732421875 0.265625 0.7431640625 0.259765625 0.7509765625 0.259765625 0.7958984375 0.2880859375 0.82421875 0.3203125 0.7744140625 0.322265625 0.7587890625 0.3076171875 0.732421875
2 0.23046875 0.8818359375 0.2197265625 0.853515625 0.1845703125 0.853515625 0.169921875 0.8701171875 0.1640625 0.8779296875 0.1640625 0.9248046875 0.1884765625 0.94921875 0.1962890625 0.94921875 0.228515625 0.8974609375 0.23046875 0.8818359375
0 0.259765625 0.8525390625 0.263671875 0.8798828125 0.2939453125 0.9375 0.314453125 0.9208984375 0.318359375 0.8974609375 0.2900390625 0.83203125 0.259765625 0.8525390625
1 0.546875 0.5966796875 0.544921875 0.6748046875 0.55078125 0.6962890625 0.6181640625 0.69921875 0.62109375 0.6044921875 0.6083984375 0.595703125 0.546875 0.5966796875
1 0.6982421875 0.595703125 0.6396484375 0.595703125 0.63671875 0.6787109375 0.64453125 0.6904296875 0.6552734375 0.69921875 0.7197265625 0.69921875 0.720703125 0.6083984375 0.6982421875 0.595703125
1 0.7900390625 0.595703125 0.7265625 0.5986328125 0.7265625 0.6787109375 0.7568359375 0.701171875 0.8193359375 0.69921875 0.82421875 0.6865234375 0.818359375 0.6083984375 0.7900390625 0.595703125
3 0.5947265625 0.71484375 0.546875 0.7373046875 0.54296875 0.7724609375 0.56640625 0.8154296875 0.5830078125 0.82421875 0.607421875 0.7685546875 0.60546875 0.7236328125 0.5947265625 0.71484375
1 0.546875 0.8369140625 0.544921875 0.9150390625 0.552734375 0.9658203125 0.6162109375 0.96875 0.62109375 0.8759765625 0.609375 0.8369140625 0.546875 0.8369140625
1 0.6962890625 0.8359375 0.6396484375 0.8359375 0.63671875 0.9228515625 0.654296875 0.9658203125 0.7197265625 0.966796875 0.72265625 0.8798828125 0.703125 0.8427734375 0.6962890625 0.8359375
1 0.6376953125 0.716796875 0.63671875 0.7998046875 0.650390625 0.8291015625 0.7197265625 0.830078125 0.720703125 0.7412109375 0.6982421875 0.716796875 0.6376953125 0.716796875
1 0.7275390625 0.716796875 0.73046875 0.8056640625 0.7548828125 0.83203125 0.8193359375 0.83203125 0.822265625 0.7431640625 0.7900390625 0.716796875 0.7275390625 0.716796875
0 0.7451171875 0.833984375 0.744140625 0.9228515625 0.7529296875 0.935546875 0.7783203125 0.935546875 0.779296875 0.8427734375 0.7705078125 0.833984375 0.7451171875 0.833984375
1 0.5478515625 0.068359375 0.537109375 0.0888671875 0.53515625 0.1259765625 0.5673828125 0.189453125 0.62109375 0.1513671875 0.62890625 0.0966796875 0.5986328125 0.03125 0.5478515625 0.068359375
1 0.5390625 0.3486328125 0.537109375 0.3681640625 0.5654296875 0.431640625 0.626953125 0.3857421875 0.62109375 0.3486328125 0.5986328125 0.302734375 0.5390625 0.3486328125
1 0.7001953125 0.302734375 0.630859375 0.3564453125 0.6328125 0.3837890625 0.6552734375 0.431640625 0.6787109375 0.423828125 0.724609375 0.3857421875 0.72265625 0.3505859375 0.7001953125 0.302734375
1 0.7275390625 0.3515625 0.7265625 0.3935546875 0.7451171875 0.431640625 0.7861328125 0.419921875 0.83203125 0.3779296875 0.8017578125 0.302734375 0.7275390625 0.3515625
1 0.6005859375 0.171875 0.5458984375 0.203125 0.537109375 0.2236328125 0.537109375 0.2509765625 0.5654296875 0.310546875 0.5966796875 0.29296875 0.626953125 0.2587890625 0.62890625 0.2314453125 0.6005859375 0.171875
1 0.705078125 0.0380859375 0.6962890625 0.033203125 0.6572265625 0.060546875 0.642578125 0.0732421875 0.6328125 0.0966796875 0.6328125 0.1455078125 0.6591796875 0.19140625 0.7060546875 0.158203125 0.72265625 0.1279296875 0.728515625 0.0947265625 0.705078125 0.0380859375
1 0.702867903125 0.16029612499999998 0.6513671875 0.201171875 0.6328125 0.2314453125 0.6328125 0.2646484375 0.6572265625 0.3125 0.708984375 0.2744140625 0.7350054796875 0.24060291562499997 0.71484375 0.2060546875 0.702867903125 0.16029612499999998
1 0.8017578125 0.033203125 0.7490234375 0.068359375 0.728515625 0.1025390625 0.72265625 0.1396484375 0.7470703125 0.19140625 0.8193359375 0.14453125 0.833984375 0.1123046875 0.818359375 0.0595703125 0.8017578125 0.033203125
1 0.7587890625 0.197265625 0.73046875 0.2236328125 0.728515625 0.2724609375 0.7587890625 0.302734375 0.833984375 0.2431640625 0.818359375 0.2041015625 0.801065884375 0.17278823906250002 0.7587890625 0.197265625