2 0.80078125 0.8216145828125001 0.7392578125 0.8177083328125001 0.724609375 0.85546875 0.724609375 0.8815104171874999 0.7587890625 0.9192708328125001 0.7802734375 0.9296875 0.798828125 0.9153645828125001 0.80078125 0.8216145828125001
2 0.7568359375 0.6979166671875 0.724609375 0.7356770828125 0.724609375 0.7513020828125 0.7666015625 0.8020833328125001 0.798828125 0.7981770828125 0.7998046875 0.6979166671875 0.7568359375 0.6979166671875
2 0.79296875 0.6549479171875 0.80078125 0.6184895828125 0.7890625 0.5872395828125 0.7705078125 0.5677083328125 0.7529296875 0.5677083328125 0.73828125 0.6002604171875 0.73828125 0.64453125 0.7529296875 0.65625 0.79296875 0.6549479171875
2 0.6650390625 0.8177083328125001 0.638671875 0.8528645828125001 0.638671875 0.87890625 0.6845703125 0.9270833328125001 0.712890625 0.8997395828125001 0.7080078125 0.8151041671874999 0.6650390625 0.8177083328125001
2 0.6982421875 0.7994791671875 0.712890625 0.7799479171875 0.712890625 0.7018229171875 0.6689453125 0.7005208328125 0.6396484375 0.71875 0.638671875 0.74609375 0.650390625 0.7825520828125 0.6689453125 0.8020833328125001 0.6982421875 0.7994791671875
2 0.724609375 0.6471354171875 0.7265625 0.62109375 0.6845703125 0.5807291671875 0.6533203125 0.5833333328125 0.638671875 0.6028645828125 0.638671875 0.6471354171875 0.6650390625 0.6822916671875 0.6845703125 0.6796875 0.724609375 0.6471354171875
2 0.615234375 0.86328125 0.5849609375 0.8151041671874999 0.5732421875 0.8151041671874999 0.55859375 0.83984375 0.5625 0.9075520828125001 0.6005859375 0.9114583328125001 0.611328125 0.8893229171874999 0.615234375 0.86328125
2 0.623046875 0.7408854171875 0.6103515625 0.7161458328125 0.55078125 0.7174479171875 0.552734375 0.7799479171875 0.5654296875 0.8020833328125001 0.6123046875 0.78125 0.62109375 0.7643229171875 0.623046875 0.7408854171875
2 0.611328125 0.66015625 0.61328125 0.57421875 0.5927734375 0.5651041671875 0.5615234375 0.5807291671875 0.55078125 0.6002604171875 0.55078125 0.6471354171875 0.5732421875 0.6692708328125 0.6044921875 0.6692708328125 0.611328125 0.66015625
2 0.7958984375 0.3020833328125 0.7841796875 0.2994791671875 0.7529296875 0.3177083328125 0.724609375 0.3528645828125 0.724609375 0.3815104171875 0.7412109375 0.4010416671875 0.798828125 0.3971354171875 0.7958984375 0.3020833328125
2 0.7685546875 0.1822916671875 0.7265625 0.23567708281250002 0.7265625 0.24869791718749998 0.7509765625 0.2838541671875 0.7978515625 0.2838541671875 0.798828125 0.1861979171875 0.7685546875 0.1822916671875
2 0.71484375 0.36328125 0.7099609375 0.2994791671875 0.6630859375 0.3177083328125 0.63671875 0.3528645828125 0.63671875 0.37890625 0.6533203125 0.4010416671875 0.69921875 0.3971354171875 0.71484375 0.36328125
2 0.6865234375 0.1848958328125 0.63671875 0.22005208281250002 0.6533203125 0.2864583328125 0.6943359375 0.2838541671875 0.712890625 0.2513020828125 0.7109375 0.20442708281250002 0.6865234375 0.1848958328125
2 0.80078125 0.06901041718749999 0.7724609375 0.0494791671875 0.7548828125 0.0494791671875 0.73828125 0.09765625 0.73828125 0.14453125 0.7861328125 0.1510416671875 0.80078125 0.1315104171875 0.80078125 0.06901041718749999
2 0.724609375 0.1341145828125 0.7265625 0.1028645828125 0.6982421875 0.06770833281250001 0.6552734375 0.06770833281250001 0.638671875 0.10546875 0.638671875 0.1471354171875 0.6669921875 0.1692708328125 0.6865234375 0.1666666671875 0.724609375 0.1341145828125
2 0.61328125 0.31640625 0.5693359375 0.2994791671875 0.548828125 0.3372395828125 0.548828125 0.3997395828125 0.6015625 0.3971354171875 0.626953125 0.3606770828125 0.61328125 0.31640625
2 0.626953125 0.21744791718749998 0.6103515625 0.1979166671875 0.55078125 0.20703125 0.55078125 0.2669270828125 0.5673828125 0.2864583328125 0.6103515625 0.2682291671875 0.625 0.24869791718749998 0.626953125 0.21744791718749998
2 0.5908203125 0.0494791671875 0.552734375 0.08984375 0.55078125 0.1497395828125 0.5810546875 0.1666666671875 0.6103515625 0.1510416671875 0.61328125 0.05338541718749999 0.5908203125 0.0494791671875
2 0.3779296875 0.8177083328125001 0.349609375 0.85546875 0.3515625 0.9075520828125001 0.3779296875 0.9322916671874999 0.412109375 0.9153645828125001 0.412109375 0.8216145828125001 0.3779296875 0.8177083328125001
2 0.412109375 0.7044270828125 0.3759765625 0.703125 0.349609375 0.7356770828125 0.34375 0.76171875 0.349609375 0.7799479171875 0.3662109375 0.8020833328125001 0.412109375 0.7981770828125 0.412109375 0.7044270828125
2 0.421875 0.6315104171875 0.4228515625 0.6145833328125 0.3857421875 0.5703125 0.3681640625 0.5651041671875 0.3515625 0.6106770828125 0.349609375 0.6653645828125 0.3916015625 0.6692708328125 0.4130859375 0.6510416671875 0.421875 0.6315104171875
2 0.3330078125 0.6510416671875 0.337890625 0.62109375 0.3095703125 0.5833333328125 0.2763671875 0.5833333328125 0.251953125 0.60546875 0.25 0.6627604171875 0.2783203125 0.6848958328125 0.2978515625 0.6822916671875 0.3330078125 0.6510416671875
2 0.326171875 0.7565104171875 0.328125 0.72265625 0.3193359375 0.6979166671875 0.2900390625 0.6979166671875 0.2646484375 0.7135416671875 0.24609375 0.7408854171875 0.2685546875 0.7994791671875 0.3134765625 0.8020833328125001 0.326171875 0.7565104171875
2 0.2919921875 0.8177083328125001 0.251953125 0.8684895828125001 0.251953125 0.89453125 0.2802734375 0.9296875 0.32421875 0.9127604171874999 0.3251953125 0.8177083328125001 0.2919921875 0.8177083328125001
2 0.224609375 0.8919270828125001 0.232421875 0.86328125 0.22265625 0.83984375 0.2021484375 0.8151041671874999 0.1884765625 0.8151041671874999 0.1640625 0.86328125 0.162109375 0.91015625 0.2021484375 0.9114583328125001 0.224609375 0.8919270828125001
2 0.23828125 0.7408854171875 0.2197265625 0.7161458328125 0.1787109375 0.71875 0.162109375 0.7408854171875 0.1640625 0.7799479171875 0.1884765625 0.7994791671875 0.236328125 0.7591145828125 0.23828125 0.7408854171875
2 0.2197265625 0.6692708328125 0.236328125 0.64453125 0.23828125 0.6028645828125 0.2216796875 0.5651041671875 0.2021484375 0.5651041671875 0.1806640625 0.5807291671875 0.1484375 0.6184895828125 0.1484375 0.64453125 0.1689453125 0.6666666671875 0.2197265625 0.6692708328125
2 0.412109375 0.3372395828125 0.3818359375 0.3151041671875 0.3681640625 0.3151041671875 0.349609375 0.3450520828125 0.349609375 0.4127604171875 0.3701171875 0.4192708328125 0.412109375 0.3971354171875 0.412109375 0.3372395828125
2 0.2998046875 0.3177083328125 0.2685546875 0.3151041671875 0.251953125 0.3346354171875 0.2509765625 0.4166666671875 0.3251953125 0.4010416671875 0.326171875 0.3502604171875 0.2998046875 0.3177083328125
2 0.2353515625 0.3333333328125 0.2119140625 0.3177083328125 0.162109375 0.3216145828125 0.162109375 0.3815104171875 0.1787109375 0.4192708328125 0.2119140625 0.4192708328125 0.236328125 0.3815104171875 0.2353515625 0.3333333328125
2 0.3974609375 0.20052083281250002 0.3701171875 0.1901041671875 0.33984375 0.22005208281250002 0.3408203125 0.28125 0.4111328125 0.2838541671875 0.4140625 0.22265625 0.3974609375 0.20052083281250002
2 0.32421875 0.2669270828125 0.326171875 0.23307291718749998 0.2998046875 0.1848958328125 0.2802734375 0.1822916671875 0.25 0.20182291718749998 0.23828125 0.2643229171875 0.2509765625 0.2838541671875 0.3056640625 0.2864583328125 0.32421875 0.2669270828125
2 0.2236328125 0.20052083281250002 0.1689453125 0.20052083281250002 0.14453125 0.22265625 0.146484375 0.24088541718749998 0.1845703125 0.2864583328125 0.2099609375 0.2838541671875 0.224609375 0.2643229171875 0.2236328125 0.20052083281250002
2 0.42578125 0.12890625 0.42578125 0.1080729171875 0.3994140625 0.06510416718749999 0.3515625 0.06901041718749999 0.3525390625 0.1510416671875 0.3818359375 0.171875 0.4140625 0.1471354171875 0.42578125 0.12890625
2 0.30078125 0.1627604171875 0.310546875 0.1471354171875 0.310546875 0.09765625 0.302734375 0.07682291718749999 0.2548828125 0.06510416718749999 0.2421875 0.1028645828125 0.244140625 0.12890625 0.2783203125 0.1692708328125 0.30078125 0.1627604171875
2 0.2265625 0.1106770828125 0.1943359375 0.07291666718749999 0.1748046875 0.06770833281250001 0.158203125 0.1080729171875 0.16796875 0.16015625 0.1826171875 0.1640625 0.2216796875 0.1458333328125 0.2265625 0.1106770828125