1 0.6796875 0.09609375 0.10625 0.1265625
0 0.37734375 0.75 0.0671875 0.1125
0 0.190625 0.7453125 0.06875 0.10625
0 0.38203125 0.6296875 0.0953125 0.103125
0 0.2875 0.62421875 0.0875 0.1109375
0 0.38359375 0.3609375 0.0765625 0.115625
0 0.29375 0.35703125 0.078125 0.1171875
0 0.19296875 0.23828125 0.0734375 0.1171875
0 0.29296875 0.12109375 0.0640625 0.1046875
0 0.76875 0.11328125 0.08125 0.1078125
3 0.5734375 0.2296875 0.0875 0.121875
2 0.38046875 0.21875 0.0890625 0.115625
2 0.29453125 0.22265625 0.0921875 0.1109375
2 0.19453125 0.1015625 0.0734375 0.115625
1 0.8427734375 0.978515625 0.841796875 0.8818359375 0.8173828125 0.8515625 0.7587890625 0.8125 0.7431640625 0.810546875 0.720703125 0.8623046875 0.734375 0.9150390625 0.7978515625 0.96875 0.8427734375 0.978515625
1 0.6552734375 0.80859375 0.630859375 0.8623046875 0.640625 0.9228515625 0.7001953125 0.966796875 0.724609375 0.9111328125 0.7109375 0.8486328125 0.6552734375 0.80859375
1 0.607421875 0.9560546875 0.62890625 0.9052734375 0.626953125 0.8662109375 0.6103515625 0.837890625 0.5634765625 0.8125 0.53515625 0.8740234375 0.5390625 0.9228515625 0.5927734375 0.966796875 0.607421875 0.9560546875
1 0.8017578125 0.83203125 0.83203125 0.7666015625 0.833984375 0.7568359375 0.8232421875 0.744140625 0.7529296875 0.689453125 0.7421875 0.6904296875 0.72265625 0.7451171875 0.73046875 0.7783203125 0.7626953125 0.80859375 0.8017578125 0.83203125
1 0.720703125 0.7392578125 0.6728515625 0.697265625 0.6533203125 0.689453125 0.630859375 0.7412109375 0.638671875 0.7861328125 0.7001953125 0.83203125 0.7265625 0.7783203125 0.720703125 0.7392578125
1 0.603515625 0.8271484375 0.61328125 0.8076171875 0.62890625 0.7724609375 0.62890625 0.7451171875 0.6142578125 0.720703125 0.5654296875 0.6875 0.53515625 0.7548828125 0.5390625 0.7861328125 0.5947265625 0.830078125 0.603515625 0.8271484375
1 0.8017578125 0.697265625 0.830078125 0.6376953125 0.833984375 0.6220703125 0.7861328125 0.580078125 0.7568359375 0.568359375 0.740234375 0.5732421875 0.7265625 0.6044921875 0.7265625 0.6474609375 0.7705078125 0.681640625 0.8017578125 0.697265625
1 0.724609375 0.6435546875 0.724609375 0.6123046875 0.6787109375 0.576171875 0.6552734375 0.568359375 0.634765625 0.6103515625 0.62890625 0.6337890625 0.634765625 0.6494140625 0.7001953125 0.697265625 0.724609375 0.6435546875
1 0.630859375 0.6201171875 0.625 0.6103515625 0.5673828125 0.56640625 0.53515625 0.6337890625 0.541015625 0.6572265625 0.6005859375 0.697265625 0.626953125 0.6376953125 0.630859375 0.6201171875
1 0.3525390625 0.8203125 0.333984375 0.8623046875 0.333984375 0.9501953125 0.4013671875 0.953125 0.4140625 0.9130859375 0.416015625 0.8232421875 0.3525390625 0.8203125
1 0.234375 0.8251953125 0.2294921875 0.8203125 0.1748046875 0.8203125 0.130859375 0.8662109375 0.1337890625 0.953125 0.1982421875 0.953125 0.232421875 0.9072265625 0.234375 0.8251953125
1 0.32421875 0.7861328125 0.32421875 0.7021484375 0.2587890625 0.703125 0.234375 0.7255859375 0.234375 0.8154296875 0.3037109375 0.81640625 0.314453125 0.8017578125 0.32421875 0.7861328125
1 0.236328125 0.5869140625 0.2314453125 0.58203125 0.1708984375 0.580078125 0.1328125 0.5947265625 0.1337890625 0.681640625 0.2021484375 0.68359375 0.234375 0.6611328125 0.236328125 0.5869140625
1 0.822265625 0.3681640625 0.8212890625 0.30078125 0.7548828125 0.298828125 0.7265625 0.3212890625 0.7255859375 0.40234375 0.7919921875 0.404296875 0.8095703125 0.3984375 0.8203125 0.3896484375 0.822265625 0.3681640625
1 0.72265625 0.3896484375 0.720703125 0.3017578125 0.6533203125 0.30078125 0.63671875 0.3212890625 0.63671875 0.4013671875 0.6982421875 0.404296875 0.7158203125 0.396484375 0.72265625 0.3896484375
1 0.5537109375 0.30078125 0.544921875 0.3251953125 0.546875 0.4033203125 0.6083984375 0.404296875 0.6220703125 0.396484375 0.62109375 0.3037109375 0.5537109375 0.30078125
1 0.822265625 0.2568359375 0.822265625 0.1708984375 0.7529296875 0.16796875 0.7265625 0.2001953125 0.7265625 0.2822265625 0.7861328125 0.28515625 0.8115234375 0.267578125 0.822265625 0.2568359375
1 0.72265625 0.2568359375 0.720703125 0.1669921875 0.6552734375 0.166015625 0.63671875 0.2001953125 0.63671875 0.2822265625 0.6943359375 0.28515625 0.716796875 0.2646484375 0.72265625 0.2568359375
1 0.5556640625 0.03125 0.544921875 0.0849609375 0.546875 0.1630859375 0.6044921875 0.166015625 0.619140625 0.1337890625 0.62109375 0.0361328125 0.5556640625 0.03125