2 0.609375 0.35 0.09375 0.1109375
1 0.71640625 0.353125 0.1078125 0.1140625
1 0.8203125 0.3578125 0.109375 0.1234375
2 0.615625 0.2359375 0.0921875 0.09921875
2 0.7109375 0.23125 0.078125 0.10390625
2 0.80234375 0.23203125 0.0828125 0.10546875
2 0.62890625 0.09921875 0.0921875 0.109375
1 0.7203125 0.10625 0.08984375 0.1140625
1 0.8140625 0.10390625 0.084375 0.115625
0 0.375 0.2431640625 0.30859375 0.1982421875 0.30078125 0.2001953125 0.2890625 0.2294921875 0.3583984375 0.28515625 0.375 0.2431640625
1 0.16015625 0.8818359375 0.181640625 0.9423828125 0.2001953125 0.96875 0.2333984375 0.94921875 0.267578125 0.9111328125 0.279296875 0.8603515625 0.2529296875 0.806640625 0.1826171875 0.853515625 0.16015625 0.8818359375
1 0.283203125 0.8544921875 0.2734375 0.9111328125 0.2998046875 0.96875 0.3212890625 0.958984375 0.359375 0.9248046875 0.37109375 0.8701171875 0.3447265625 0.806640625 0.283203125 0.8544921875
1 0.37109375 0.9052734375 0.376953125 0.9306640625 0.396484375 0.9638671875 0.4072265625 0.966796875 0.4609375 0.9228515625 0.462890625 0.8681640625 0.4365234375 0.810546875 0.3916015625 0.828125 0.375 0.8544921875 0.37109375 0.9052734375
3 0.189453125 0.7548828125 0.20703125 0.7802734375 0.2294921875 0.8046875 0.2421875 0.8017578125 0.26171875 0.7646484375 0.2607421875 0.69921875 0.2451171875 0.697265625 0.19140625 0.7314453125 0.189453125 0.7548828125
3 0.287109375 0.7568359375 0.302734375 0.7802734375 0.3232421875 0.8046875 0.3310546875 0.8046875 0.34765625 0.7822265625 0.3515625 0.7021484375 0.3466796875 0.697265625 0.2998046875 0.716796875 0.287109375 0.7314453125 0.287109375 0.7568359375
1 0.369140625 0.7490234375 0.37109375 0.7685546875 0.3974609375 0.822265625 0.4091796875 0.822265625 0.45703125 0.7939453125 0.46484375 0.7529296875 0.4326171875 0.6875 0.380859375 0.7255859375 0.369140625 0.7490234375
1 0.16796875 0.6201171875 0.171875 0.6416015625 0.1943359375 0.697265625 0.2119140625 0.693359375 0.2568359375 0.662109375 0.271484375 0.6474609375 0.2734375 0.6123046875 0.259765625 0.5732421875 0.2529296875 0.56640625 0.2275390625 0.572265625 0.1845703125 0.6015625 0.16796875 0.6201171875
1 0.275390625 0.6181640625 0.27734375 0.6513671875 0.3037109375 0.697265625 0.3671875 0.6474609375 0.365234375 0.6103515625 0.3447265625 0.568359375 0.3193359375 0.576171875 0.28125 0.6044921875 0.275390625 0.6181640625
1 0.369140625 0.6181640625 0.37109375 0.6318359375 0.3994140625 0.697265625 0.4541015625 0.662109375 0.462890625 0.6494140625 0.4609375 0.6240234375 0.4306640625 0.56640625 0.37890625 0.6044921875 0.369140625 0.6181640625
0 0.693359375 0.8212890625 0.6953125 0.9111328125 0.7001953125 0.919921875 0.728515625 0.9189453125 0.728515625 0.8291015625 0.7197265625 0.818359375 0.693359375 0.8212890625
1 0.765625 0.9013671875 0.771484375 0.9130859375 0.7958984375 0.94921875 0.8662109375 0.953125 0.8671875 0.8603515625 0.8291015625 0.822265625 0.7685546875 0.822265625 0.765625 0.9013671875
0 0.603515625 0.7001953125 0.60546875 0.7939453125 0.634765625 0.7958984375 0.634765625 0.7041015625 0.6279296875 0.697265625 0.603515625 0.7001953125
1 0.67578125 0.7822265625 0.681640625 0.7939453125 0.6982421875 0.81640625 0.763671875 0.8154296875 0.763671875 0.7236328125 0.7431640625 0.701171875 0.677734375 0.7021484375 0.67578125 0.7822265625
1 0.7685546875 0.703125 0.76953125 0.7880859375 0.7939453125 0.818359375 0.8642578125 0.818359375 0.869140625 0.7275390625 0.8271484375 0.701171875 0.7685546875 0.703125
3 0.580078125 0.6201171875 0.58203125 0.6337890625 0.6064453125 0.658203125 0.6572265625 0.65625 0.66015625 0.6357421875 0.64453125 0.5830078125 0.6181640625 0.578125 0.580078125 0.6201171875
3 0.671875 0.6318359375 0.69140625 0.6533203125 0.75390625 0.6552734375 0.755859375 0.6396484375 0.7373046875 0.58203125 0.7080078125 0.578125 0.673828125 0.6162109375 0.671875 0.6318359375
0 0.783203125 0.5810546875 0.7880859375 0.669921875 0.8193359375 0.673828125 0.822265625 0.6689453125 0.822265625 0.5830078125 0.8134765625 0.578125 0.783203125 0.5810546875
0 0.2001953125 0.33984375 0.19921875 0.3759765625 0.2158203125 0.3828125 0.2744140625 0.380859375 0.27734375 0.3486328125 0.2705078125 0.33984375 0.2001953125 0.33984375
0 0.291015625 0.3466796875 0.2958984375 0.357421875 0.3505859375 0.3984375 0.3671875 0.3740234375 0.3583984375 0.359375 0.3076171875 0.322265625 0.291015625 0.3466796875
0 0.3876953125 0.33984375 0.38671875 0.3759765625 0.4541015625 0.380859375 0.45703125 0.3447265625 0.3876953125 0.33984375
0 0.197265625 0.2216796875 0.201171875 0.2548828125 0.2099609375 0.26171875 0.2724609375 0.26171875 0.27734375 0.2294921875 0.2646484375 0.21484375 0.2021484375 0.21484375 0.197265625 0.2216796875
0 0.390625 0.2607421875 0.39453125 0.2744140625 0.4169921875 0.2890625 0.443359375 0.2470703125 0.44921875 0.2041015625 0.4267578125 0.185546875 0.390625 0.2607421875
0 0.20703125 0.1298828125 0.2060546875 0.1484375 0.240234375 0.1669921875 0.267578125 0.1064453125 0.2705078125 0.078125 0.236328125 0.0634765625 0.20703125 0.1298828125
0 0.3876953125 0.091796875 0.388671875 0.1396484375 0.4541015625 0.140625 0.455078125 0.0927734375 0.3876953125 0.091796875