3 0.2392578125 0.1822916671875 0.2734375 0.1809895828125 0.275390625 0.09505208281250001 0.2607421875 0.06510416718749999 0.2099609375 0.06770833281250001 0.1875 0.08984375 0.185546875 0.10546875 0.19921875 0.1471354171875 0.2158203125 0.1666666671875 0.2392578125 0.1822916671875
3 0.375 0.1028645828125 0.3544921875 0.08333333281250001 0.3154296875 0.06770833281250001 0.2900390625 0.08333333281250001 0.287109375 0.1263020828125 0.3447265625 0.20052083281250002 0.36328125 0.1705729171875 0.375 0.1028645828125
3 0.455078125 0.12109375 0.4345703125 0.06770833281250001 0.4169921875 0.06770833281250001 0.3984375 0.08984375 0.37890625 0.1263020828125 0.4033203125 0.1640625 0.45703125 0.16015625 0.455078125 0.12109375
3 0.2734375 0.2955729171875 0.275390625 0.22005208281250002 0.2607421875 0.20052083281250002 0.2041015625 0.1979166671875 0.19921875 0.26171875 0.2392578125 0.3203125 0.2607421875 0.328125 0.2734375 0.2955729171875
3 0.3466796875 0.3151041671875 0.37109375 0.26171875 0.373046875 0.23828125 0.3310546875 0.1979166671875 0.3017578125 0.1979166671875 0.287109375 0.22005208281250002 0.283203125 0.24609375 0.298828125 0.2799479171875 0.3291015625 0.3151041671875 0.3466796875 0.3151041671875
3 0.4208984375 0.3177083328125 0.4609375 0.2825520828125 0.462890625 0.2565104171875 0.439453125 0.18359375 0.412109375 0.1861979171875 0.38671875 0.22265625 0.38671875 0.2903645828125 0.4033203125 0.3151041671875 0.4208984375 0.3177083328125
3 0.2646484375 0.4114583328125 0.275390625 0.40234375 0.27734375 0.3841145828125 0.2587890625 0.3307291671875 0.2275390625 0.3229166671875 0.20703125 0.34765625 0.193359375 0.3684895828125 0.2001953125 0.3984375 0.2255859375 0.4114583328125 0.2646484375 0.4114583328125
3 0.37109375 0.3736979171875 0.3330078125 0.3203125 0.3134765625 0.3177083328125 0.30078125 0.3450520828125 0.2998046875 0.4322916671875 0.3349609375 0.4322916671875 0.37109375 0.41015625 0.37109375 0.3736979171875
3 0.44921875 0.4309895828125 0.462890625 0.36328125 0.4619140625 0.3333333328125 0.4345703125 0.3151041671875 0.375 0.33984375 0.373046875 0.3606770828125 0.3896484375 0.4010416671875 0.4404296875 0.4348958328125 0.44921875 0.4309895828125
3 0.6455078125 0.1822916671875 0.662109375 0.1419270828125 0.662109375 0.07161458281250001 0.6123046875 0.06510416718749999 0.587890625 0.08203125 0.57421875 0.10546875 0.587890625 0.1653645828125 0.6259765625 0.1848958328125 0.6455078125 0.1822916671875
3 0.7314453125 0.1822916671875 0.75 0.1549479171875 0.759765625 0.08463541718749999 0.7236328125 0.06770833281250001 0.67578125 0.08463541718749999 0.673828125 0.1315104171875 0.6875 0.1627604171875 0.7158203125 0.1875 0.7314453125 0.1822916671875
3 0.8515625 0.1393229171875 0.8515625 0.12109375 0.8310546875 0.06770833281250001 0.8154296875 0.06770833281250001 0.765625 0.1184895828125 0.763671875 0.1341145828125 0.7822265625 0.1640625 0.8310546875 0.1614583328125 0.8515625 0.1393229171875
3 0.6484375 0.2955729171875 0.662109375 0.20182291718749998 0.587890625 0.20182291718749998 0.587890625 0.2825520828125 0.6181640625 0.3125 0.6357421875 0.3125 0.6484375 0.2955729171875
3 0.7041015625 0.3072916671875 0.7353515625 0.296875 0.759765625 0.24609375 0.759765625 0.22005208281250002 0.7216796875 0.1927083328125 0.6875 0.20442708281250002 0.673828125 0.24088541718749998 0.673828125 0.2643229171875 0.6875 0.2955729171875 0.7041015625 0.3072916671875
3 0.8515625 0.2799479171875 0.853515625 0.23567708281250002 0.8212890625 0.1822916671875 0.8017578125 0.1822916671875 0.7734375 0.22005208281250002 0.7783203125 0.3177083328125 0.7978515625 0.3177083328125 0.8515625 0.2799479171875
3 0.662109375 0.3893229171875 0.6494140625 0.3203125 0.6162109375 0.3203125 0.5751953125 0.3489583328125 0.57421875 0.3815104171875 0.6005859375 0.4140625 0.6474609375 0.4166666671875 0.662109375 0.3893229171875
3 0.755859375 0.37109375 0.7451171875 0.3333333328125 0.7236328125 0.3098958328125 0.7060546875 0.3098958328125 0.6875 0.3372395828125 0.6884765625 0.4322916671875 0.7236328125 0.4322916671875 0.75 0.4127604171875 0.755859375 0.37109375
3 0.849609375 0.3372395828125 0.8330078125 0.3151041671875 0.76171875 0.3346354171875 0.7626953125 0.3984375 0.8134765625 0.4348958328125 0.8515625 0.4153645828125 0.849609375 0.3372395828125
3 0.2587890625 0.7005208328125 0.275390625 0.68359375 0.2724609375 0.6015625 0.1884765625 0.6015625 0.1875 0.6315104171875 0.2138671875 0.6822916671875 0.2431640625 0.7005208328125 0.2587890625 0.7005208328125
3 0.36328125 0.6783854171875 0.375 0.6080729171875 0.3701171875 0.5989583328125 0.2939453125 0.5989583328125 0.287109375 0.6158854171875 0.287109375 0.6627604171875 0.3173828125 0.6979166671875 0.3427734375 0.6979166671875 0.36328125 0.6783854171875
3 0.462890625 0.67578125 0.462890625 0.6393229171875 0.4443359375 0.5807291671875 0.4150390625 0.5807291671875 0.37890625 0.6341145828125 0.375 0.6653645828125 0.3876953125 0.6848958328125 0.4580078125 0.6848958328125 0.462890625 0.67578125
3 0.2734375 0.7955729171875 0.283203125 0.73828125 0.2705078125 0.71875 0.2021484375 0.7161458328125 0.19921875 0.80078125 0.2138671875 0.8177083328125001 0.2412109375 0.8229166671874999 0.2734375 0.7955729171875
3 0.375 0.7799479171875 0.37109375 0.7330729171875 0.3193359375 0.7057291671875 0.287109375 0.75390625 0.287109375 0.7799479171875 0.3193359375 0.8255208328125001 0.3466796875 0.8177083328125001 0.375 0.7799479171875
3 0.462890625 0.7955729171875 0.462890625 0.7486979171875 0.4345703125 0.6979166671875 0.412109375 0.7018229171875 0.38671875 0.73828125 0.3896484375 0.8307291671874999 0.4072265625 0.8307291671874999 0.462890625 0.7955729171875
3 0.27734375 0.8684895828125001 0.2587890625 0.8307291671874999 0.2412109375 0.8333333328125001 0.1953125 0.87890625 0.2021484375 0.9296875 0.2568359375 0.9296875 0.27734375 0.8971354171874999 0.27734375 0.8684895828125001
3 0.365234375 0.8763020828125001 0.3330078125 0.8307291671874999 0.3232421875 0.8333333328125001 0.3046875 0.8684895828125001 0.3037109375 0.9479166671874999 0.3193359375 0.9479166671874999 0.359375 0.9231770828125001 0.365234375 0.8763020828125001
3 0.4482421875 0.9505208328125001 0.462890625 0.87890625 0.462890625 0.8346354171874999 0.4267578125 0.8359375 0.384765625 0.8580729171874999 0.38671875 0.9075520828125001 0.3984375 0.9283854171874999 0.4287109375 0.9505208328125001 0.4482421875 0.9505208328125001
3 0.6640625 0.65234375 0.6640625 0.63671875 0.6259765625 0.6015625 0.5771484375 0.5989583328125 0.576171875 0.6263020828125 0.6044921875 0.7005208328125 0.6337890625 0.6979166671875 0.6640625 0.65234375
3 0.75 0.6341145828125 0.7255859375 0.5989583328125 0.673828125 0.6002604171875 0.673828125 0.6783854171875 0.6904296875 0.7057291671875 0.755859375 0.6783854171875 0.75 0.6341145828125
3 0.8515625 0.6393229171875 0.8515625 0.6236979171875 0.8291015625 0.5989583328125 0.7783203125 0.5989583328125 0.765625 0.62109375 0.763671875 0.65234375 0.8212890625 0.6953125 0.8359375 0.6888020828125 0.8515625 0.6393229171875
3 0.6640625 0.81640625 0.6611328125 0.7682291671875 0.6201171875 0.7161458328125 0.5869140625 0.7161458328125 0.5869140625 0.8177083328125001 0.6025390625 0.8333333328125001 0.6181640625 0.8333333328125001 0.6640625 0.81640625
3 0.7587890625 0.8151041671874999 0.76171875 0.7981770828125 0.75 0.75390625 0.7236328125 0.7161458328125 0.6923828125 0.7135416671875 0.67578125 0.7356770828125 0.67578125 0.7981770828125 0.7080078125 0.8229166671874999 0.7587890625 0.8151041671874999
3 0.8349609375 0.8203125 0.833984375 0.74609375 0.8115234375 0.7109375 0.7998046875 0.7109375 0.7802734375 0.7317708328125 0.763671875 0.75390625 0.763671875 0.7799479171875 0.8212890625 0.8229166671874999 0.8349609375 0.8203125
3 0.6513671875 0.9479166671874999 0.666015625 0.8841145828125001 0.662109375 0.85546875 0.5888671875 0.8489583328125001 0.57421875 0.8684895828125001 0.576171875 0.8971354171874999 0.6181640625 0.9505208328125001 0.6513671875 0.9479166671874999
3 0.7216796875 0.9479166671874999 0.7392578125 0.9479166671874999 0.74609375 0.93359375 0.74609375 0.8763020828125001 0.7197265625 0.8333333328125001 0.7060546875 0.8333333328125001 0.689453125 0.8528645828125001 0.673828125 0.87890625 0.673828125 0.90234375 0.68359375 0.92578125 0.7216796875 0.9479166671874999
3 0.845703125 0.9309895828125001 0.853515625 0.8971354171874999 0.7958984375 0.8333333328125001 0.7685546875 0.8541666671874999 0.783203125 0.9231770828125001 0.8056640625 0.9505208328125001 0.8154296875 0.953125 0.845703125 0.9309895828125001