3 0.58203125 0.6279296875 0.5888671875 0.634765625 0.6279296875 0.662109375 0.654296875 0.6572265625 0.642578125 0.5908203125 0.6240234375 0.57421875 0.5859375 0.6044921875 0.58203125 0.6279296875
3 0.669921875 0.6220703125 0.6767578125 0.62890625 0.7255859375 0.6640625 0.75 0.6533203125 0.736328125 0.5888671875 0.7158203125 0.57421875 0.7080078125 0.57421875 0.67578125 0.6044921875 0.669921875 0.6220703125
3 0.193359375 0.3525390625 0.1953125 0.3662109375 0.2294921875 0.40234375 0.2587890625 0.40625 0.27734375 0.3427734375 0.2607421875 0.328125 0.2099609375 0.328125 0.193359375 0.3525390625
3 0.287109375 0.3642578125 0.322265625 0.4013671875 0.3515625 0.4052734375 0.365234375 0.3603515625 0.365234375 0.3388671875 0.3544921875 0.328125 0.3056640625 0.328125 0.287109375 0.3544921875 0.287109375 0.3642578125
3 0.380859375 0.3505859375 0.380859375 0.3662109375 0.4228515625 0.40625 0.4384765625 0.40625 0.45703125 0.3564453125 0.455078125 0.3330078125 0.4013671875 0.328125 0.380859375 0.3505859375
3 0.193359375 0.2294921875 0.1953125 0.2412109375 0.2392578125 0.28515625 0.2587890625 0.287109375 0.27734375 0.2255859375 0.2607421875 0.201171875 0.2099609375 0.201171875 0.193359375 0.2294921875
3 0.287109375 0.2294921875 0.2890625 0.2431640625 0.3330078125 0.287109375 0.3486328125 0.287109375 0.365234375 0.2392578125 0.36328125 0.2119140625 0.3544921875 0.201171875 0.3056640625 0.201171875 0.287109375 0.2294921875
3 0.4013671875 0.201171875 0.3984375 0.2509765625 0.4228515625 0.287109375 0.4384765625 0.287109375 0.45703125 0.2373046875 0.453125 0.2021484375 0.4013671875 0.201171875
3 0.193359375 0.1162109375 0.23828125 0.1630859375 0.26171875 0.1650390625 0.27734375 0.1044921875 0.2607421875 0.07421875 0.2158203125 0.072265625 0.20703125 0.0771484375 0.193359375 0.1162109375
3 0.287109375 0.1044921875 0.2890625 0.1201171875 0.3349609375 0.16796875 0.3486328125 0.16796875 0.365234375 0.1181640625 0.357421875 0.0751953125 0.3056640625 0.07421875 0.287109375 0.1044921875
3 0.380859375 0.1181640625 0.404296875 0.1455078125 0.4248046875 0.16796875 0.44140625 0.1669921875 0.45703125 0.1162109375 0.4501953125 0.07421875 0.3984375 0.0771484375 0.380859375 0.1044921875 0.380859375 0.1181640625
3 0.59765625 0.3251953125 0.599609375 0.3857421875 0.61328125 0.4091796875 0.6240234375 0.412109375 0.66015625 0.3525390625 0.66015625 0.3310546875 0.6201171875 0.30859375 0.6064453125 0.30859375 0.59765625 0.3251953125
3 0.689453125 0.3857421875 0.70703125 0.4111328125 0.720703125 0.4091796875 0.755859375 0.3525390625 0.75390625 0.3291015625 0.7177734375 0.30859375 0.7001953125 0.30859375 0.689453125 0.3193359375 0.689453125 0.3857421875
3 0.7822265625 0.31640625 0.779296875 0.3857421875 0.8017578125 0.412109375 0.8134765625 0.41015625 0.8515625 0.3505859375 0.8515625 0.3310546875 0.8134765625 0.30859375 0.7939453125 0.30859375 0.7822265625 0.31640625
3 0.599609375 0.1962890625 0.599609375 0.2646484375 0.6162109375 0.2890625 0.6240234375 0.2890625 0.66015625 0.2236328125 0.66015625 0.2041015625 0.6201171875 0.1796875 0.6083984375 0.1796875 0.599609375 0.1962890625
3 0.599609375 0.0732421875 0.599609375 0.1455078125 0.6181640625 0.16796875 0.6259765625 0.166015625 0.66015625 0.0986328125 0.66015625 0.0771484375 0.6201171875 0.052734375 0.60546875 0.0537109375 0.599609375 0.0732421875
3 0.689453125 0.1455078125 0.7099609375 0.166015625 0.720703125 0.1630859375 0.755859375 0.0927734375 0.7509765625 0.072265625 0.7158203125 0.052734375 0.7021484375 0.052734375 0.689453125 0.0791015625 0.689453125 0.1455078125
2 0.59375 0.8642578125 0.595703125 0.9208984375 0.6044921875 0.92578125 0.6318359375 0.91796875 0.65234375 0.8994140625 0.642578125 0.8544921875 0.6142578125 0.830078125 0.59375 0.8642578125
2 0.68359375 0.8642578125 0.6875 0.9189453125 0.7001953125 0.92578125 0.7275390625 0.91796875 0.74609375 0.8994140625 0.744140625 0.8701171875 0.7041015625 0.830078125 0.68359375 0.8642578125
2 0.7734375 0.8642578125 0.779296875 0.9169921875 0.7880859375 0.92578125 0.8232421875 0.91796875 0.83984375 0.8994140625 0.837890625 0.8701171875 0.7958984375 0.83203125 0.787109375 0.8330078125 0.7734375 0.8642578125
2 0.59375 0.7451171875 0.595703125 0.7958984375 0.6044921875 0.802734375 0.6357421875 0.794921875 0.65234375 0.7744140625 0.646484375 0.7392578125 0.6142578125 0.7109375 0.59375 0.7451171875
2 0.68359375 0.7451171875 0.6875 0.7939453125 0.6982421875 0.802734375 0.7275390625 0.791015625 0.74609375 0.7744140625 0.744140625 0.7431640625 0.7041015625 0.7109375 0.68359375 0.7451171875
2 0.7734375 0.7451171875 0.779296875 0.7939453125 0.7919921875 0.802734375 0.8232421875 0.791015625 0.83984375 0.7744140625 0.84375 0.7587890625 0.8291015625 0.736328125 0.7939453125 0.7109375 0.7734375 0.7451171875
2 0.771484375 0.6279296875 0.779296875 0.6708984375 0.7919921875 0.677734375 0.83984375 0.6494140625 0.83984375 0.6181640625 0.8037109375 0.591796875 0.787109375 0.5927734375 0.771484375 0.6279296875
3 0.77734375 0.2646484375 0.798828125 0.2880859375 0.814453125 0.2841796875 0.8515625 0.2255859375 0.8515625 0.2021484375 0.8115234375 0.1796875 0.7978515625 0.1796875 0.77734375 0.2041015625 0.77734375 0.2646484375
1 0.185546875 0.8486328125 0.1806640625 0.951171875 0.25 0.9462890625 0.2734375 0.9052734375 0.2705078125 0.822265625 0.2119140625 0.822265625 0.185546875 0.8486328125
1 0.27734375 0.8623046875 0.2802734375 0.951171875 0.349609375 0.9482421875 0.36328125 0.9072265625 0.3603515625 0.8203125 0.3037109375 0.8203125 0.287109375 0.8427734375 0.27734375 0.8623046875
1 0.37890625 0.8603515625 0.3798828125 0.951171875 0.447265625 0.9521484375 0.453125 0.9189453125 0.4501953125 0.822265625 0.388671875 0.8271484375 0.37890625 0.8603515625
1 0.177734375 0.7275390625 0.1806640625 0.81640625 0.2451171875 0.818359375 0.255859375 0.8076171875 0.2734375 0.7841796875 0.2724609375 0.703125 0.2119140625 0.701171875 0.177734375 0.7275390625
1 0.28125 0.7216796875 0.2802734375 0.81640625 0.349609375 0.8134765625 0.36328125 0.7841796875 0.3603515625 0.701171875 0.3017578125 0.701171875 0.28125 0.7216796875
1 0.37890625 0.7255859375 0.3818359375 0.818359375 0.447265625 0.8173828125 0.453125 0.7919921875 0.4501953125 0.701171875 0.388671875 0.7060546875 0.37890625 0.7255859375
1 0.37890625 0.5927734375 0.3818359375 0.68359375 0.44921875 0.6806640625 0.455078125 0.6611328125 0.4501953125 0.580078125 0.3955078125 0.580078125 0.37890625 0.5927734375
1 0.279296875 0.5908203125 0.279296875 0.6826171875 0.3466796875 0.68359375 0.35546875 0.6748046875 0.36328125 0.6650390625 0.3623046875 0.58203125 0.3037109375 0.580078125 0.279296875 0.5908203125
1 0.18359375 0.5908203125 0.1796875 0.6806640625 0.2451171875 0.68359375 0.2734375 0.6630859375 0.2724609375 0.58203125 0.2158203125 0.580078125 0.18359375 0.5908203125
1 0.67578125 0.2021484375 0.6787109375 0.283203125 0.7373046875 0.28515625 0.765625 0.2587890625 0.7626953125 0.16796875 0.6953125 0.1689453125 0.67578125 0.2021484375
1 0.765625 0.0830078125 0.767578125 0.1611328125 0.8291015625 0.1640625 0.865234375 0.1259765625 0.87109375 0.1181640625 0.8662109375 0.033203125 0.7998046875 0.033203125 0.7890625 0.0458984375 0.765625 0.0830078125