1 0.240234375 0.13671875 0.236328125 0.11328125 0.2119140625 0.07291666718749999 0.1591796875 0.0338541671875 0.1455078125 0.0338541671875 0.138671875 0.0481770828125 0.12109375 0.10546875 0.125 0.1263020828125 0.2158203125 0.1927083328125 0.240234375 0.13671875
1 0.33203125 0.1419270828125 0.31640625 0.09244791718749999 0.2705078125 0.03125 0.2265625 0.08203125 0.224609375 0.09244791718749999 0.248046875 0.13671875 0.2978515625 0.1875 0.33203125 0.1419270828125
1 0.4140625 0.08984375 0.40625 0.05338541718749999 0.3349609375 0.046875 0.333984375 0.1236979171875 0.349609375 0.1731770828125 0.4111328125 0.1796875 0.4140625 0.08984375
1 0.4091796875 0.2994791671875 0.4140625 0.21744791718749998 0.404296875 0.1861979171875 0.3369140625 0.1822916671875 0.333984375 0.2669270828125 0.341796875 0.2825520828125 0.3642578125 0.2994791671875 0.4091796875 0.2994791671875
1 0.330078125 0.2747395828125 0.3046875 0.20182291718749998 0.2763671875 0.1744791671875 0.2255859375 0.20572916718749998 0.22265625 0.21744791718749998 0.251953125 0.28515625 0.2802734375 0.3125 0.330078125 0.2747395828125
1 0.159375 0.28958333281250004 0.19375 0.31875 0.2046875 0.31875 0.2078125 0.3104166671875 0.1890625 0.2958333328125 0.2109375 0.2958333328125 0.2109375 0.30625 0.23125 0.2666666671875 0.2296875 0.2479166671875 0.190625 0.1875 0.1640625 0.1666666671875 0.1203125 0.225 0.1203125 0.23333333281250002 0.159375 0.28958333281250004
1 0.18203125 0.3734375 0.1015625 0.12421875
1 0.28046875 0.37109375 0.09375 0.128125
1 0.378125 0.37421875 0.1078125 0.1296875
1 0.2390625 0.6208333328125 0.20625 0.5895833328125 0.1796875 0.5833333328125 0.1578125 0.59375 0.125 0.6541666671875 0.1234375 0.6833333328125 0.1796875 0.7145833328125 0.23125 0.6770833328125 0.2390625 0.6208333328125
1 0.33125 0.65 0.3296875 0.61875 0.29375 0.58125 0.2671875 0.5875 0.20625 0.6375 0.203125 0.6479166671875001 0.2625 0.7229166671875 0.29375 0.7041666671875 0.33125 0.65
1 0.4140625 0.5958333328125 0.35625 0.59375 0.334375 0.6083333328125 0.3375 0.7041666671875 0.4078125 0.6979166671875 0.415625 0.6895833328125 0.4140625 0.5958333328125
1 0.225 0.7958333328125 0.24375 0.7645833328125 0.24375 0.75 0.2046875 0.7020833328125 0.1625 0.7270833328124999 0.1234375 0.7770833328125 0.121875 0.8041666671875 0.1546875 0.8479166671874999 0.16875 0.8479166671874999 0.225 0.7958333328125
1 0.33125 0.7833333328125 0.3296875 0.75625 0.30625 0.7020833328125 0.2375 0.7541666671875 0.2296875 0.775 0.2546875 0.8416666671874999 0.30625 0.81875 0.33125 0.7833333328125
1 0.425 0.88125 0.4234375 0.8604166671875 0.3984375 0.8333333328125001 0.371875 0.8375 0.35 0.8645833328125001 0.325 0.9229166671875 0.325 0.9520833328125 0.3796875 0.9729166671874999 0.409375 0.9354166671874999 0.425 0.88125
1 0.634375 0.075 0.575 0.0354166671875 0.5390625 0.1125 0.5390625 0.1541666671875 0.5984375 0.1708333328125 0.6125 0.14791666718750002 0.634375 0.075
1 0.8203125 0.05625 0.75 0.058333332812500006 0.7328125 0.08541666718749999 0.728125 0.11041666718750001 0.7265625 0.18125 0.8078125 0.18125 0.821875 0.1145833328125 0.8203125 0.05625
1 0.6359375 0.3270833328125 0.6296875 0.3166666671875 0.578125 0.3083333328125 0.5578125 0.3125 0.5421875 0.3291666671875 0.5453125 0.425 0.6109375 0.43125 0.63125 0.42291666718750004 0.6359375 0.3270833328125
1 0.721875 0.4125 0.7234375 0.31875 0.659375 0.3145833328125 0.64375 0.325 0.634375 0.3375 0.6359375 0.425 0.6921875 0.4270833328125 0.721875 0.4125
1 0.8078125 0.425 0.8375 0.3479166671875 0.7875 0.30625 0.76875 0.30416666718749996 0.740625 0.3270833328125 0.71875 0.375 0.7203125 0.40625 0.7609375 0.43541666718750005 0.7921875 0.43333333281249997 0.8078125 0.425
1 0.8234375 0.6104166671875 0.7828125 0.59375 0.7296875 0.5958333328125 0.7296875 0.6854166671875 0.759375 0.7020833328125 0.825 0.7020833328125 0.8234375 0.6104166671875
1 0.734375 0.8104166671874999 0.7109375 0.74375 0.684375 0.7083333328125 0.671875 0.7041666671875 0.628125 0.7354166671875 0.625 0.7520833328125 0.665625 0.8375 0.69375 0.8416666671874999 0.734375 0.8104166671874999
1 0.640625 0.7979166671875 0.6296875 0.7604166671875 0.5734375 0.6791666671875001 0.534375 0.7541666671875 0.5375 0.7958333328125 0.5703125 0.8375 0.603125 0.8395833328125001 0.640625 0.7979166671875
1 0.7765625 0.84375 0.809375 0.8458333328125001 0.8203125 0.8375 0.8234375 0.7583333328124999 0.8109375 0.7083333328125 0.7328125 0.7145833328125 0.725 0.7229166671875 0.71875 0.7645833328125 0.728125 0.8020833328125001 0.75 0.83125 0.7765625 0.84375
1 0.646875 0.9729166671874999 0.6125 0.8479166671874999 0.5515625 0.8416666671874999 0.5421875 0.85625 0.54375 0.9375 0.559375 0.9770833328125 0.5734375 0.9833333328125 0.646875 0.9729166671874999
1 0.8132861312499999 0.9556994859374999 0.826546975 0.9329619015624999 0.846875 0.9083333328125001 0.83125 0.8833333328125 0.7484375 0.8291666671875 0.7296875 0.8375 0.7140625 0.8666666671875 0.7125 0.9083333328125001 0.7390625 0.9520833328125 0.79375 0.9916666671875 0.8132861312499999 0.9556994859374999
1 0.68359375 0.10859375 0.11171875 0.14765625
1 0.5796875 0.2375 0.1046875 0.1359375
1 0.68046875 0.23359375 0.09140625 0.13203125
1 0.77265625 0.2375 0.10625 0.1359375
1 0.57890625 0.6390625 0.1 0.1375
1 0.67890625 0.640625 0.0984375 0.13671875
1 0.675 0.90234375 0.09140625 0.15546875
1 0.178125 0.91015625 0.09921875 0.159375
1 0.28125 0.90078125 0.08671875 0.15703125
1 0.378125 0.78046875 0.08359375 0.1234375