0 0.27734375 0.1240234375 0.2685546875 0.107421875 0.2021484375 0.10546875 0.19921875 0.1435546875 0.2099609375 0.15625 0.27734375 0.1513671875 0.27734375 0.1240234375
0 0.3603515625 0.107421875 0.29296875 0.1083984375 0.291015625 0.1474609375 0.2978515625 0.15625 0.365234375 0.1552734375 0.3603515625 0.107421875
0 0.435546875 0.0849609375 0.40625 0.0810546875 0.400390625 0.1787109375 0.4306640625 0.18359375 0.435546875 0.1806640625 0.435546875 0.0849609375
0 0.3876953125 0.23046875 0.3916015625 0.275390625 0.4609375 0.2705078125 0.4501953125 0.228515625 0.3876953125 0.23046875
1 0.462890625 0.3818359375 0.4248046875 0.30078125 0.3798828125 0.33203125 0.365234375 0.3486328125 0.4052734375 0.435546875 0.4609375 0.4052734375 0.462890625 0.3818359375
2 0.654296875 0.1005859375 0.6298828125 0.076171875 0.595703125 0.1142578125 0.6015625 0.1728515625 0.6259765625 0.185546875 0.6455078125 0.177734375 0.654296875 0.1005859375
2 0.74609375 0.0986328125 0.7255859375 0.080078125 0.689453125 0.1083984375 0.677734375 0.1337890625 0.7021484375 0.169921875 0.7353515625 0.18359375 0.74609375 0.0986328125
2 0.65234375 0.2236328125 0.6298828125 0.208984375 0.599609375 0.2314453125 0.59375 0.2646484375 0.6103515625 0.2890625 0.6455078125 0.30859375 0.65234375 0.2236328125
2 0.6435546875 0.423828125 0.662109375 0.3427734375 0.6259765625 0.337890625 0.5908203125 0.365234375 0.587890625 0.3740234375 0.607421875 0.4072265625 0.6357421875 0.42578125 0.6435546875 0.423828125
2 0.740234375 0.4189453125 0.7451171875 0.337890625 0.7138671875 0.33984375 0.677734375 0.3720703125 0.6796875 0.3857421875 0.7001953125 0.41015625 0.7255859375 0.42578125 0.740234375 0.4189453125
2 0.75 0.2470703125 0.74609375 0.2216796875 0.7197265625 0.205078125 0.685546875 0.2431640625 0.68359375 0.2548828125 0.705078125 0.2978515625 0.7314453125 0.310546875 0.75 0.2470703125
2 0.845703125 0.1201171875 0.828125 0.0830078125 0.8115234375 0.0859375 0.779296875 0.1181640625 0.7734375 0.1357421875 0.787109375 0.1669921875 0.8271484375 0.1796875 0.845703125 0.1201171875
2 0.8232421875 0.08203125 0.806640625 0.0908203125 0.8056640625 0.09765625 0.83984375 0.1181640625 0.83984375 0.1025390625 0.8232421875 0.08203125
2 0.845703125 0.3837890625 0.845703125 0.3505859375 0.8193359375 0.330078125 0.79296875 0.3388671875 0.763671875 0.3720703125 0.7900390625 0.41015625 0.8271484375 0.42578125 0.845703125 0.3837890625
2 0.84765625 0.2607421875 0.849609375 0.2451171875 0.8154296875 0.193359375 0.7939453125 0.193359375 0.77734375 0.2158203125 0.763671875 0.2587890625 0.7666015625 0.283203125 0.8212890625 0.28515625 0.84765625 0.2607421875
2 0.275390625 0.6669921875 0.2734375 0.6259765625 0.2490234375 0.59765625 0.2294921875 0.599609375 0.203125 0.6435546875 0.201171875 0.6572265625 0.2294921875 0.685546875 0.2685546875 0.67578125 0.275390625 0.6669921875
0 0.3671875 0.6220703125 0.357421875 0.6025390625 0.3505859375 0.6015625 0.2919921875 0.640625 0.294921875 0.6689453125 0.3056640625 0.6796875 0.3603515625 0.638671875 0.3671875 0.6220703125
1 0.455078125 0.6728515625 0.453125 0.5966796875 0.3857421875 0.599609375 0.37890625 0.6064453125 0.37890625 0.6982421875 0.4443359375 0.701171875 0.455078125 0.6728515625
1 0.2734375 0.7197265625 0.2099609375 0.716796875 0.1796875 0.7392578125 0.1796875 0.8310546875 0.2451171875 0.833984375 0.2734375 0.7958984375 0.2734375 0.7197265625
1 0.36328125 0.7177734375 0.3017578125 0.716796875 0.279296875 0.7373046875 0.27734375 0.8310546875 0.3466796875 0.833984375 0.36328125 0.7998046875 0.36328125 0.7177734375
2 0.4609375 0.7783203125 0.44140625 0.7255859375 0.4169921875 0.724609375 0.404296875 0.7333984375 0.392578125 0.7861328125 0.4248046875 0.80859375 0.4541015625 0.80078125 0.4609375 0.7783203125
0 0.27734375 0.8642578125 0.267578125 0.8427734375 0.2548828125 0.84375 0.19921875 0.8935546875 0.203125 0.9150390625 0.2138671875 0.927734375 0.2724609375 0.888671875 0.27734375 0.8642578125
0 0.3671875 0.8642578125 0.3525390625 0.83984375 0.296875 0.8818359375 0.291015625 0.9033203125 0.3056640625 0.927734375 0.357421875 0.8955078125 0.3671875 0.8642578125
1 0.455078125 0.8388671875 0.3955078125 0.833984375 0.380859375 0.8642578125 0.380859375 0.9677734375 0.4443359375 0.96875 0.453125 0.9287109375 0.455078125 0.8388671875
1 0.677734375 0.6708984375 0.6484375 0.5966796875 0.6318359375 0.578125 0.5771484375 0.6171875 0.587890625 0.6669921875 0.6162109375 0.71484375 0.6611328125 0.689453125 0.677734375 0.6708984375
1 0.7578125 0.6201171875 0.7431640625 0.58984375 0.7158203125 0.58203125 0.66796875 0.6181640625 0.68359375 0.6708984375 0.7080078125 0.701171875 0.763671875 0.6611328125 0.7578125 0.6201171875
1 0.87890625 0.6708984375 0.873046875 0.6396484375 0.8427734375 0.58984375 0.8056640625 0.58203125 0.7802734375 0.59765625 0.759765625 0.6240234375 0.787109375 0.6884765625 0.8330078125 0.708984375 0.87890625 0.6708984375
1 0.763671875 0.7900390625 0.75390625 0.7431640625 0.7294921875 0.712890625 0.7099609375 0.708984375 0.6748046875 0.732421875 0.666015625 0.7451171875 0.7060546875 0.826171875 0.7451171875 0.80859375 0.763671875 0.7900390625
1 0.87890625 0.8076171875 0.8408203125 0.724609375 0.7998046875 0.708984375 0.759765625 0.7373046875 0.783203125 0.8037109375 0.8251953125 0.837890625 0.8349609375 0.83984375 0.87890625 0.8076171875
1 0.666015625 0.8740234375 0.658203125 0.8466796875 0.6455078125 0.833984375 0.5869140625 0.8359375 0.5859375 0.9208984375 0.59765625 0.9677734375 0.6630859375 0.96875 0.666015625 0.8740234375
1 0.7705078125 0.94921875 0.77734375 0.9306640625 0.7385762609375 0.8421961874999999 0.726078390625 0.8207809609375 0.6826171875 0.84375 0.66796875 0.8583984375 0.66796875 0.8701171875 0.7216796875 0.986328125 0.7705078125 0.94921875
1 0.876953125 0.9736328125 0.888671875 0.9013671875 0.8623046875 0.87109375 0.8017578125 0.83203125 0.7587890625 0.857421875 0.755859375 0.8720703125 0.7734375 0.9169921875 0.8193359375 0.98046875 0.876953125 0.9736328125