1 0.3203125 0.90390625 0.10625 0.1265625
0 0.62265625 0.25 0.0671875 0.1125
0 0.809375 0.2546875 0.06875 0.10625
0 0.61796875 0.3703125 0.0953125 0.103125
0 0.7125 0.37578125 0.0875 0.1109375
0 0.61640625 0.6390625 0.0765625 0.115625
0 0.70625 0.64296875 0.078125 0.1171875
0 0.80703125 0.76171875 0.0734375 0.1171875
0 0.70703125 0.87890625 0.0640625 0.1046875
0 0.23125 0.88671875 0.08125 0.1078125
3 0.4265625 0.7703125 0.0875 0.121875
2 0.61953125 0.78125 0.0890625 0.115625
2 0.70546875 0.77734375 0.0921875 0.1109375
2 0.80546875 0.8984375 0.0734375 0.115625
1 0.265625 0.0849609375 0.2021484375 0.03125 0.1572265625 0.021484375 0.158203125 0.1181640625 0.1826171875 0.1484375 0.2412109375 0.1875 0.2568359375 0.189453125 0.279296875 0.1376953125 0.265625 0.0849609375
1 0.275390625 0.0888671875 0.2890625 0.1513671875 0.3447265625 0.19140625 0.369140625 0.1376953125 0.359375 0.0771484375 0.2998046875 0.033203125 0.275390625 0.0888671875
1 0.4609375 0.0771484375 0.4072265625 0.033203125 0.392578125 0.0439453125 0.37109375 0.0947265625 0.373046875 0.1337890625 0.3896484375 0.162109375 0.4365234375 0.1875 0.46484375 0.1259765625 0.4609375 0.0771484375
1 0.26953125 0.2216796875 0.2373046875 0.19140625 0.1982421875 0.16796875 0.16796875 0.2333984375 0.166015625 0.2431640625 0.1767578125 0.255859375 0.2470703125 0.310546875 0.2578125 0.3095703125 0.27734375 0.2548828125 0.26953125 0.2216796875
1 0.2998046875 0.16796875 0.2734375 0.2216796875 0.279296875 0.2607421875 0.3271484375 0.302734375 0.3466796875 0.310546875 0.369140625 0.2587890625 0.361328125 0.2138671875 0.2998046875 0.16796875
1 0.4609375 0.2138671875 0.4052734375 0.169921875 0.396484375 0.1728515625 0.38671875 0.1923828125 0.37109375 0.2275390625 0.37109375 0.2548828125 0.3857421875 0.279296875 0.4345703125 0.3125 0.46484375 0.2451171875 0.4609375 0.2138671875
1 0.2734375 0.3525390625 0.2294921875 0.318359375 0.1982421875 0.302734375 0.169921875 0.3623046875 0.166015625 0.3779296875 0.2138671875 0.419921875 0.2431640625 0.431640625 0.259765625 0.4267578125 0.2734375 0.3955078125 0.2734375 0.3525390625
1 0.365234375 0.3505859375 0.2998046875 0.302734375 0.275390625 0.3564453125 0.275390625 0.3876953125 0.3212890625 0.423828125 0.3447265625 0.431640625 0.365234375 0.3896484375 0.37109375 0.3662109375 0.365234375 0.3505859375
1 0.3994140625 0.302734375 0.373046875 0.3623046875 0.369140625 0.3798828125 0.375 0.3896484375 0.4326171875 0.43359375 0.46484375 0.3662109375 0.458984375 0.3427734375 0.3994140625 0.302734375
1 0.5859375 0.0869140625 0.583984375 0.1767578125 0.6474609375 0.1796875 0.666015625 0.1376953125 0.666015625 0.0498046875 0.5986328125 0.046875 0.5859375 0.0869140625
1 0.8017578125 0.046875 0.767578125 0.0927734375 0.765625 0.1748046875 0.7705078125 0.1796875 0.8251953125 0.1796875 0.869140625 0.1337890625 0.8662109375 0.046875 0.8017578125 0.046875
1 0.6962890625 0.18359375 0.685546875 0.1982421875 0.67578125 0.2138671875 0.67578125 0.2978515625 0.7412109375 0.296875 0.765625 0.2744140625 0.765625 0.1845703125 0.6962890625 0.18359375
1 0.7978515625 0.31640625 0.765625 0.3388671875 0.763671875 0.4130859375 0.7685546875 0.41796875 0.8291015625 0.419921875 0.8671875 0.4052734375 0.8662109375 0.318359375 0.7978515625 0.31640625
1 0.1904296875 0.6015625 0.1796875 0.6103515625 0.177734375 0.6318359375 0.1787109375 0.69921875 0.2451171875 0.701171875 0.2734375 0.6787109375 0.2744140625 0.59765625 0.2080078125 0.595703125 0.1904296875 0.6015625
1 0.3017578125 0.595703125 0.2841796875 0.603515625 0.27734375 0.6103515625 0.279296875 0.6982421875 0.3466796875 0.69921875 0.36328125 0.6787109375 0.36328125 0.5986328125 0.3017578125 0.595703125
1 0.3779296875 0.603515625 0.37890625 0.6962890625 0.4462890625 0.69921875 0.455078125 0.6748046875 0.453125 0.5966796875 0.3916015625 0.595703125 0.3779296875 0.603515625
1 0.2138671875 0.71484375 0.1884765625 0.732421875 0.177734375 0.7431640625 0.177734375 0.8291015625 0.2470703125 0.83203125 0.2734375 0.7998046875 0.2734375 0.7177734375 0.2138671875 0.71484375
1 0.3056640625 0.71484375 0.283203125 0.7353515625 0.27734375 0.7431640625 0.279296875 0.8330078125 0.3447265625 0.833984375 0.36328125 0.7998046875 0.36328125 0.7177734375 0.3056640625 0.71484375
1 0.380859375 0.8662109375 0.37890625 0.9638671875 0.4443359375 0.96875 0.455078125 0.9150390625 0.453125 0.8369140625 0.3955078125 0.833984375 0.380859375 0.8662109375