0 0.15625 0.8583984375 0.158203125 0.8916015625 0.2275390625 0.892578125 0.236328125 0.8798828125 0.236328125 0.8466796875 0.1708984375 0.84375 0.15625 0.8583984375
1 0.119140625 0.7529296875 0.146484375 0.8232421875 0.1669921875 0.833984375 0.24609375 0.7548828125 0.24609375 0.7412109375 0.2138671875 0.685546875 0.1962890625 0.689453125 0.1298828125 0.736328125 0.119140625 0.7529296875
0 0.349609375 0.7041015625 0.353515625 0.7353515625 0.380859375 0.7958984375 0.3955078125 0.798828125 0.412109375 0.7822265625 0.41015625 0.7666015625 0.396484375 0.7216796875 0.3798828125 0.697265625 0.349609375 0.7041015625
1 0.22265625 0.6181640625 0.2265625 0.6416015625 0.2548828125 0.69921875 0.3212890625 0.66015625 0.333984375 0.6298828125 0.310546875 0.5693359375 0.2900390625 0.564453125 0.2646484375 0.580078125 0.22265625 0.6181640625
0 0.1611328125 0.607421875 0.1591796875 0.64453125 0.2255859375 0.64453125 0.234375 0.6064453125 0.1611328125 0.607421875
0 0.1591796875 0.33984375 0.158203125 0.3759765625 0.1669921875 0.38671875 0.2333984375 0.380859375 0.236328125 0.3447265625 0.2333984375 0.33984375 0.1591796875 0.33984375
0 0.341796875 0.3525390625 0.357421875 0.3720703125 0.3935546875 0.400390625 0.4052734375 0.3984375 0.41796875 0.3818359375 0.4072265625 0.3515625 0.3564453125 0.3203125 0.341796875 0.3525390625
0 0.162109375 0.2080078125 0.158203125 0.2314453125 0.2236328125 0.283203125 0.234375 0.2724609375 0.236328125 0.2451171875 0.1728515625 0.197265625 0.162109375 0.2080078125
0 0.25 0.2236328125 0.2578125 0.2392578125 0.3095703125 0.27734375 0.318359375 0.2763671875 0.326171875 0.2587890625 0.32421875 0.2431640625 0.2666015625 0.197265625 0.25 0.2236328125
2 0.341796875 0.2509765625 0.345703125 0.2705078125 0.3779296875 0.275390625 0.419921875 0.2451171875 0.41796875 0.2216796875 0.3818359375 0.173828125 0.3564453125 0.177734375 0.349609375 0.1923828125 0.341796875 0.2509765625
0 0.15234375 0.0986328125 0.1533203125 0.11328125 0.2236328125 0.16015625 0.23828125 0.1337890625 0.2314453125 0.111328125 0.1748046875 0.072265625 0.15234375 0.0986328125
0 0.2529296875 0.091796875 0.25390625 0.1376953125 0.3232421875 0.140625 0.326171875 0.1064453125 0.3203125 0.0927734375 0.2529296875 0.091796875
0 0.34375 0.0947265625 0.341796875 0.1181640625 0.4013671875 0.16015625 0.416015625 0.1474609375 0.416015625 0.1162109375 0.3583984375 0.072265625 0.34375 0.0947265625
0 0.54296875 0.3642578125 0.552734375 0.3955078125 0.5732421875 0.3984375 0.615234375 0.3544921875 0.6044921875 0.318359375 0.5693359375 0.337890625 0.54296875 0.3642578125
1 0.53515625 0.2587890625 0.5478515625 0.271484375 0.5888671875 0.298828125 0.6328125 0.2021484375 0.6279296875 0.1875 0.5771484375 0.150390625 0.537109375 0.2333984375 0.53515625 0.2587890625
1 0.638671875 0.3330078125 0.626953125 0.3837890625 0.6748046875 0.41796875 0.6982421875 0.41015625 0.73046875 0.3427734375 0.732421875 0.3232421875 0.6884765625 0.29296875 0.6689453125 0.29296875 0.638671875 0.3330078125
1 0.6748046875 0.150390625 0.626953125 0.2607421875 0.6669921875 0.291015625 0.6865234375 0.2890625 0.712890625 0.2509765625 0.732421875 0.1923828125 0.6748046875 0.150390625
1 0.716796875 0.1396484375 0.7275390625 0.150390625 0.7705078125 0.177734375 0.806640625 0.1376953125 0.83203125 0.0634765625 0.7783203125 0.017578125 0.7265625 0.1044921875 0.716796875 0.1396484375
0 0.544921875 0.1142578125 0.54296875 0.1396484375 0.5595703125 0.158203125 0.61328125 0.1162109375 0.6171875 0.1005859375 0.6025390625 0.072265625 0.544921875 0.1142578125
0 0.638671875 0.1103515625 0.6328125 0.1376953125 0.6474609375 0.16015625 0.705078125 0.1162109375 0.708984375 0.0986328125 0.6943359375 0.064453125 0.638671875 0.1103515625
0 0.71875 0.3798828125 0.73046875 0.3955078125 0.7548828125 0.39453125 0.8125 0.3603515625 0.8125 0.3427734375 0.7998046875 0.31640625 0.7763671875 0.318359375 0.720703125 0.3681640625 0.71875 0.3798828125
0 0.72265625 0.2470703125 0.7265625 0.2763671875 0.7470703125 0.28515625 0.810546875 0.2373046875 0.810546875 0.2255859375 0.7919921875 0.197265625 0.7724609375 0.201171875 0.72265625 0.2470703125
3 0.54296875 0.8408203125 0.544921875 0.8818359375 0.57421875 0.9267578125 0.5830078125 0.9296875 0.6015625 0.9072265625 0.6015625 0.8369140625 0.5947265625 0.81640625 0.5810546875 0.81640625 0.54296875 0.8408203125
3 0.54296875 0.7197265625 0.544921875 0.7568359375 0.572265625 0.8017578125 0.5830078125 0.8046875 0.6015625 0.7822265625 0.6015625 0.7099609375 0.5927734375 0.697265625 0.5810546875 0.697265625 0.54296875 0.7197265625
3 0.5458984375 0.59765625 0.544921875 0.6279296875 0.572265625 0.6767578125 0.5830078125 0.681640625 0.6015625 0.6533203125 0.6015625 0.5830078125 0.5791015625 0.578125 0.5458984375 0.59765625
3 0.6357421875 0.837890625 0.634765625 0.8662109375 0.666015625 0.9248046875 0.6787109375 0.927734375 0.697265625 0.9072265625 0.6953125 0.8369140625 0.6845703125 0.830078125 0.6357421875 0.837890625
1 0.62890625 0.7255859375 0.6328125 0.7490234375 0.6689453125 0.8203125 0.6923828125 0.82421875 0.734375 0.7880859375 0.708984375 0.7216796875 0.6884765625 0.697265625 0.6650390625 0.6953125 0.6357421875 0.712890625 0.62890625 0.7255859375
1 0.626953125 0.6064453125 0.62890625 0.6240234375 0.654296875 0.6806640625 0.6767578125 0.6953125 0.6962890625 0.697265625 0.73046875 0.6572265625 0.708984375 0.5830078125 0.6884765625 0.564453125 0.6669921875 0.56640625 0.634765625 0.5947265625 0.626953125 0.6064453125
1 0.710009465625 0.8323809093750001 0.728515625 0.8798828125 0.7744140625 0.974609375 0.8203125 0.9404296875 0.833984375 0.9228515625 0.84375 0.8876953125 0.8125 0.8408203125 0.7705078125 0.806640625 0.710009465625 0.8323809093750001
3 0.72265625 0.7412109375 0.7578125 0.8017578125 0.7685546875 0.8046875 0.79296875 0.7802734375 0.79296875 0.7138671875 0.7685546875 0.697265625 0.72265625 0.7216796875 0.72265625 0.7412109375
1 0.71875 0.6025390625 0.724609375 0.6318359375 0.744140625 0.6787109375 0.7763671875 0.69921875 0.833984375 0.6552734375 0.806640625 0.5810546875 0.7802734375 0.568359375 0.7626953125 0.568359375 0.71875 0.6025390625