1 0.2734375 0.0947265625 0.25 0.0537109375 0.1796875 0.0498046875 0.18359375 0.1494140625 0.2138671875 0.1796875 0.2685546875 0.177734375 0.2734375 0.0947265625
1 0.275390625 0.2216796875 0.26953125 0.2080078125 0.2470703125 0.181640625 0.1787109375 0.18359375 0.177734375 0.2724609375 0.2119140625 0.298828125 0.2724609375 0.298828125 0.275390625 0.2216796875
2 0.275390625 0.3955078125 0.2578125 0.3388671875 0.2431640625 0.33203125 0.21484375 0.3427734375 0.201171875 0.3798828125 0.2353515625 0.40625 0.2705078125 0.408203125 0.275390625 0.3955078125
3 0.3291015625 0.08203125 0.3076171875 0.076171875 0.296875 0.1044921875 0.29296875 0.1435546875 0.3134765625 0.1796875 0.36328125 0.1669921875 0.3291015625 0.08203125
2 0.365234375 0.2822265625 0.3671875 0.2705078125 0.3427734375 0.20703125 0.3154296875 0.208984375 0.30078125 0.2373046875 0.298828125 0.2568359375 0.3291015625 0.28515625 0.3408203125 0.2890625 0.365234375 0.2822265625
2 0.3671875 0.3935546875 0.349609375 0.3369140625 0.3349609375 0.33203125 0.30859375 0.3427734375 0.296875 0.3818359375 0.3330078125 0.408203125 0.3623046875 0.408203125 0.3671875 0.3935546875
2 0.453125 0.1455078125 0.4296875 0.0869140625 0.4052734375 0.076171875 0.39453125 0.0849609375 0.38671875 0.1396484375 0.400390625 0.1767578125 0.4501953125 0.171875 0.453125 0.1455078125
3 0.455078125 0.2802734375 0.427734375 0.2119140625 0.4072265625 0.201171875 0.39453125 0.2099609375 0.388671875 0.2705078125 0.400390625 0.2978515625 0.4443359375 0.294921875 0.455078125 0.2802734375
1 0.455078125 0.3388671875 0.44921875 0.3193359375 0.3818359375 0.31640625 0.37890625 0.4091796875 0.3935546875 0.419921875 0.4501953125 0.419921875 0.455078125 0.3388671875
2 0.251953125 0.6669921875 0.267578125 0.6298828125 0.259765625 0.5927734375 0.2490234375 0.58984375 0.203125 0.6162109375 0.201171875 0.6552734375 0.2294921875 0.6796875 0.2392578125 0.677734375 0.251953125 0.6669921875
2 0.3515625 0.5908203125 0.3447265625 0.587890625 0.296875 0.6162109375 0.296875 0.6572265625 0.3330078125 0.677734375 0.35546875 0.6337890625 0.3515625 0.5908203125
2 0.447265625 0.5966796875 0.4345703125 0.58984375 0.388671875 0.6181640625 0.392578125 0.6552734375 0.4267578125 0.6796875 0.447265625 0.6318359375 0.447265625 0.5966796875
2 0.267578125 0.7490234375 0.26171875 0.7177734375 0.2509765625 0.712890625 0.205078125 0.7373046875 0.201171875 0.7841796875 0.2275390625 0.806640625 0.2373046875 0.806640625 0.267578125 0.7490234375
2 0.353515625 0.7177734375 0.3427734375 0.712890625 0.298828125 0.7373046875 0.296875 0.7841796875 0.3310546875 0.80859375 0.35546875 0.7548828125 0.353515625 0.7177734375
1 0.453125 0.7177734375 0.3935546875 0.71484375 0.380859375 0.7353515625 0.37890625 0.8310546875 0.4462890625 0.833984375 0.453125 0.8076171875 0.453125 0.7177734375
2 0.259765625 0.8388671875 0.2509765625 0.8359375 0.2080078125 0.859375 0.201171875 0.8701171875 0.19921875 0.9091796875 0.2373046875 0.93359375 0.267578125 0.8701171875 0.259765625 0.8388671875
2 0.353515625 0.8408203125 0.3427734375 0.8359375 0.296875 0.8642578125 0.294921875 0.9091796875 0.3310546875 0.935546875 0.357421875 0.8857421875 0.353515625 0.8408203125
2 0.443359375 0.8369140625 0.4345703125 0.8359375 0.390625 0.8623046875 0.388671875 0.9130859375 0.4267578125 0.93359375 0.4453125 0.8876953125 0.443359375 0.8369140625
0 0.65625 0.6474609375 0.6455078125 0.63671875 0.5986328125 0.6015625 0.583984375 0.6220703125 0.5849609375 0.63671875 0.6376953125 0.677734375 0.6484375 0.6748046875 0.65625 0.6474609375
0 0.740234375 0.6767578125 0.75 0.6474609375 0.7373046875 0.63671875 0.6884765625 0.6015625 0.673828125 0.6220703125 0.671875 0.6298828125 0.6923828125 0.6484375 0.7314453125 0.677734375 0.740234375 0.6767578125
0 0.84375 0.6533203125 0.8349609375 0.640625 0.7783203125 0.6015625 0.763671875 0.6220703125 0.7705078125 0.638671875 0.8154296875 0.673828125 0.83203125 0.6787109375 0.84375 0.6533203125
0 0.65625 0.7685546875 0.5986328125 0.720703125 0.5859375 0.7373046875 0.58203125 0.7509765625 0.58984375 0.7705078125 0.6455078125 0.802734375 0.65625 0.7685546875
0 0.74609375 0.7666015625 0.6904296875 0.72265625 0.6826171875 0.72265625 0.67578125 0.7373046875 0.671875 0.7548828125 0.7373046875 0.802734375 0.75 0.7783203125 0.74609375 0.7666015625
0 0.7783203125 0.720703125 0.767578125 0.7314453125 0.763671875 0.7529296875 0.8310546875 0.802734375 0.84375 0.7724609375 0.7783203125 0.720703125
0 0.6484375 0.9228515625 0.658203125 0.8974609375 0.6513671875 0.880859375 0.5966796875 0.83984375 0.583984375 0.8623046875 0.583984375 0.8818359375 0.5966796875 0.89453125 0.6376953125 0.92578125 0.6484375 0.9228515625
2 0.7490234375 0.92578125 0.75390625 0.9033203125 0.736328125 0.8525390625 0.7158203125 0.83984375 0.7001953125 0.845703125 0.693359375 0.8583984375 0.68359375 0.8798828125 0.693359375 0.9091796875 0.7216796875 0.93359375 0.7490234375 0.92578125
0 0.84375 0.9013671875 0.841796875 0.8896484375 0.7783203125 0.83984375 0.765625 0.8564453125 0.76171875 0.8701171875 0.767578125 0.8798828125 0.8310546875 0.927734375 0.84375 0.9013671875
3 0.6357421875 0.1796875 0.658203125 0.1181640625 0.66015625 0.0908203125 0.6064453125 0.08984375 0.58203125 0.1181640625 0.580078125 0.1337890625 0.59765625 0.1591796875 0.6162109375 0.1796875 0.6357421875 0.1796875
3 0.7216796875 0.18359375 0.740234375 0.1611328125 0.755859375 0.0908203125 0.7001953125 0.08984375 0.673828125 0.1181640625 0.671875 0.1337890625 0.689453125 0.1611328125 0.7080078125 0.181640625 0.7216796875 0.18359375
3 0.8173828125 0.1796875 0.8359375 0.1591796875 0.8515625 0.1123046875 0.8515625 0.0908203125 0.7978515625 0.08984375 0.765625 0.1201171875 0.763671875 0.1337890625 0.779296875 0.1611328125 0.7998046875 0.181640625 0.8173828125 0.1796875
1 0.666015625 0.2744140625 0.666015625 0.1845703125 0.5986328125 0.181640625 0.59375 0.1884765625 0.5859375 0.2138671875 0.5859375 0.2958984375 0.6474609375 0.298828125 0.666015625 0.2744140625
1 0.740234375 0.2880859375 0.755859375 0.2177734375 0.7041015625 0.21484375 0.6767578125 0.240234375 0.671875 0.2568359375 0.7099609375 0.302734375 0.7197265625 0.302734375 0.740234375 0.2880859375
1 0.740234375 0.2880859375 0.755859375 0.2177734375 0.7041015625 0.21484375 0.6767578125 0.240234375 0.671875 0.2568359375 0.7099609375 0.302734375 0.7197265625 0.302734375 0.740234375 0.2880859375
2 0.740234375 0.2880859375 0.755859375 0.2177734375 0.7041015625 0.21484375 0.6767578125 0.240234375 0.671875 0.2568359375 0.7099609375 0.302734375 0.7197265625 0.302734375 0.740234375 0.2880859375
1 0.869140625 0.2724609375 0.8642578125 0.181640625 0.7998046875 0.181640625 0.783203125 0.1962890625 0.765625 0.2158203125 0.7685546875 0.298828125 0.8291015625 0.298828125 0.869140625 0.2724609375
3 0.64453125 0.4150390625 0.66015625 0.3466796875 0.6083984375 0.341796875 0.58203125 0.3662109375 0.58203125 0.3818359375 0.6171875 0.4208984375 0.6357421875 0.421875 0.64453125 0.4150390625
3 0.740234375 0.4150390625 0.755859375 0.3447265625 0.7060546875 0.341796875 0.6728515625 0.365234375 0.673828125 0.3837890625 0.705078125 0.4169921875 0.7275390625 0.421875 0.740234375 0.4150390625
3 0.8359375 0.4150390625 0.8515625 0.3486328125 0.8466796875 0.341796875 0.7998046875 0.341796875 0.765625 0.3662109375 0.765625 0.3818359375 0.794921875 0.4189453125 0.8193359375 0.421875 0.8359375 0.4150390625