1 0.234375 0.0966796875 0.2109375 0.0576171875 0.1962890625 0.046875 0.1123046875 0.01953125 0.11328125 0.1142578125 0.1708984375 0.1796875 0.2314453125 0.177734375 0.234375 0.0966796875
0 0.306640625 0.0947265625 0.2998046875 0.080078125 0.2724609375 0.080078125 0.271484375 0.1708984375 0.2822265625 0.181640625 0.3037109375 0.181640625 0.306640625 0.0947265625
1 0.232421875 0.2158203125 0.208984375 0.1865234375 0.2021484375 0.181640625 0.1328125 0.1845703125 0.130859375 0.2705078125 0.1728515625 0.298828125 0.2314453125 0.296875 0.232421875 0.2158203125
1 0.3193359375 0.298828125 0.32421875 0.2177734375 0.306640625 0.1884765625 0.2392578125 0.181640625 0.234375 0.1865234375 0.236328125 0.2763671875 0.2587890625 0.298828125 0.3193359375 0.298828125
1 0.2294921875 0.177734375 0.234375 0.0966796875 0.2109375 0.0576171875 0.1962890625 0.046875 0.1328125 0.0478515625 0.119140625 0.1181640625 0.1328125 0.1396484375 0.1728515625 0.1796875 0.2294921875 0.177734375
0 0.39453125 0.2080078125 0.365234375 0.2041015625 0.365234375 0.2958984375 0.3720703125 0.302734375 0.3935546875 0.302734375 0.39453125 0.2080078125
0 0.2041015625 0.326171875 0.1796875 0.3271484375 0.177734375 0.4169921875 0.2138671875 0.421875 0.21484375 0.3330078125 0.2041015625 0.326171875
3 0.326171875 0.3837890625 0.328125 0.3681640625 0.3076171875 0.345703125 0.24609375 0.3447265625 0.244140625 0.3623046875 0.26171875 0.4169921875 0.2919921875 0.421875 0.326171875 0.3837890625
3 0.419921875 0.3798828125 0.419921875 0.3701171875 0.3935546875 0.341796875 0.3427734375 0.34375 0.33984375 0.3662109375 0.35546875 0.4169921875 0.3818359375 0.421875 0.419921875 0.3798828125
1 0.2294921875 0.595703125 0.1689453125 0.595703125 0.1328125 0.6103515625 0.1337890625 0.69921875 0.1962890625 0.701171875 0.23046875 0.6787109375 0.2294921875 0.595703125
1 0.32421875 0.5986328125 0.2607421875 0.595703125 0.234375 0.6103515625 0.234375 0.6982421875 0.3037109375 0.69921875 0.32421875 0.6767578125 0.32421875 0.5986328125
2 0.40625 0.6279296875 0.3779296875 0.60546875 0.34765625 0.6181640625 0.353515625 0.6884765625 0.3642578125 0.693359375 0.38671875 0.6767578125 0.40625 0.6279296875
2 0.1767578125 0.818359375 0.212890625 0.7861328125 0.2265625 0.7470703125 0.1982421875 0.724609375 0.16796875 0.7294921875 0.15625 0.7470703125 0.158203125 0.7841796875 0.16796875 0.8154296875 0.1767578125 0.818359375
2 0.322265625 0.7412109375 0.2880859375 0.724609375 0.255859375 0.7392578125 0.259765625 0.8115234375 0.2724609375 0.81640625 0.302734375 0.7861328125 0.322265625 0.7412109375
2 0.384765625 0.8056640625 0.40625 0.7470703125 0.3779296875 0.724609375 0.3525390625 0.736328125 0.34765625 0.7568359375 0.353515625 0.8134765625 0.3642578125 0.8203125 0.384765625 0.8056640625
1 0.23046875 0.9267578125 0.232421875 0.8369140625 0.1708984375 0.8359375 0.13510497500000002 0.8796726625 0.13510497500000002 0.934995090625 0.1298828125 0.96875 0.1962890625 0.96875 0.23046875 0.9267578125
1 0.322265625 0.8369140625 0.2666015625 0.833984375 0.234375 0.8720703125 0.232421875 0.9638671875 0.2998046875 0.96875 0.32421875 0.9169921875 0.322265625 0.8369140625
2 0.3837890625 0.935546875 0.40625 0.8662109375 0.3955078125 0.849609375 0.3798828125 0.84375 0.345703125 0.8681640625 0.341796875 0.8857421875 0.353515625 0.9384765625 0.3603515625 0.943359375 0.3837890625 0.935546875
0 0.544921875 0.6201171875 0.5478515625 0.66015625 0.61328125 0.6591796875 0.6083984375 0.619140625 0.544921875 0.6201171875
0 0.607421875 0.7294921875 0.5810546875 0.7109375 0.55859375 0.7568359375 0.55078125 0.7958984375 0.5751953125 0.814453125 0.609375 0.7392578125 0.607421875 0.7294921875
0 0.5458984375 0.859375 0.5458984375 0.908203125 0.615234375 0.9052734375 0.6103515625 0.859375 0.5458984375 0.859375
0 0.708984375 0.6533203125 0.7060546875 0.64453125 0.6552734375 0.603515625 0.6435546875 0.6015625 0.634765625 0.6201171875 0.6376953125 0.63671875 0.6884765625 0.67578125 0.69921875 0.6748046875 0.708984375 0.6533203125
0 0.6455078125 0.712890625 0.638671875 0.7158203125 0.630859375 0.7568359375 0.6962890625 0.802734375 0.7109375 0.7705078125 0.6455078125 0.712890625
0 0.7958984375 0.62109375 0.724609375 0.6201171875 0.72265625 0.6455078125 0.7314453125 0.66015625 0.80078125 0.6572265625 0.7958984375 0.62109375
0 0.80078125 0.7490234375 0.7919921875 0.740234375 0.7275390625 0.73828125 0.72265625 0.7685546875 0.7314453125 0.783203125 0.80078125 0.7822265625 0.80078125 0.7490234375
0 0.7607421875 0.83203125 0.73046875 0.8994140625 0.728515625 0.9208984375 0.7626953125 0.9375 0.794921875 0.8544921875 0.7607421875 0.83203125
1 0.625 0.1455078125 0.630859375 0.1044921875 0.62109375 0.0654296875 0.6015625 0.0341796875 0.5927734375 0.033203125 0.5390625 0.0771484375 0.537109375 0.1298828125 0.5625 0.1884765625 0.6064453125 0.171875 0.625 0.1455078125
1 0.71875 0.1396484375 0.7265625 0.0966796875 0.708984375 0.0419921875 0.7021484375 0.033203125 0.6806640625 0.041015625 0.640625 0.0751953125 0.634765625 0.0908203125 0.634765625 0.1474609375 0.6591796875 0.193359375 0.7060546875 0.158203125 0.71875 0.1396484375
1 0.8134765625 0.14453125 0.83203125 0.1103515625 0.8017578125 0.033203125 0.7666015625 0.052734375 0.73046875 0.0947265625 0.728515625 0.1533203125 0.7451171875 0.19140625 0.7763671875 0.17578125 0.8134765625 0.14453125
1 0.6328125 0.2490234375 0.6005859375 0.171875 0.5458984375 0.203125 0.537109375 0.2216796875 0.53515625 0.2490234375 0.5654296875 0.3125 0.6103515625 0.283203125 0.6328125 0.2490234375
2 0.712890625 0.2685546875 0.712890625 0.2431640625 0.6767578125 0.1953125 0.6689453125 0.1953125 0.65234375 0.2177734375 0.6484375 0.2978515625 0.6611328125 0.302734375 0.703125 0.2802734375 0.712890625 0.2685546875
2 0.80859375 0.2666015625 0.80859375 0.2431640625 0.79296875 0.2197265625 0.7705078125 0.1953125 0.7578125 0.1982421875 0.73828125 0.2373046875 0.7431640625 0.302734375 0.7568359375 0.30078125 0.80859375 0.2666015625
1 0.630859375 0.3818359375 0.6005859375 0.302734375 0.5771484375 0.314453125 0.537109375 0.3505859375 0.537109375 0.3701171875 0.55859375 0.4228515625 0.5693359375 0.43359375 0.630859375 0.3818359375
1 0.72265625 0.3486328125 0.7021484375 0.302734375 0.6611328125 0.326171875 0.6328125 0.3525390625 0.6328125 0.3837890625 0.6591796875 0.43359375 0.72265625 0.3896484375 0.72265625 0.3486328125
1 0.7802734375 0.423828125 0.83203125 0.3818359375 0.830078125 0.3623046875 0.8037109375 0.302734375 0.7431640625 0.337890625 0.7265625 0.3544921875 0.7265625 0.3916015625 0.7470703125 0.43359375 0.7802734375 0.423828125