3 0.2080078125 0.087890625 0.1826171875 0.07421875 0.150390625 0.0888671875 0.150390625 0.1318359375 0.162109375 0.1591796875 0.2080078125 0.193359375 0.2421875 0.1455078125 0.234375 0.1162109375 0.2080078125 0.087890625
3 0.3740234375 0.07421875 0.349609375 0.0771484375 0.337890625 0.1435546875 0.361328125 0.1845703125 0.4111328125 0.17578125 0.416015625 0.1611328125 0.3984375 0.0869140625 0.3740234375 0.07421875
2 0.1884765625 0.1875 0.1796875 0.1923828125 0.150390625 0.2431640625 0.1787109375 0.2890625 0.2197265625 0.283203125 0.2265625 0.2314453125 0.2001953125 0.193359375 0.1884765625 0.1875
2 0.224609375 0.3544921875 0.1806640625 0.32421875 0.162109375 0.3271484375 0.1484375 0.3681640625 0.1484375 0.3994140625 0.162109375 0.4228515625 0.1943359375 0.423828125 0.2333984375 0.408203125 0.224609375 0.3544921875
3 0.224609375 0.3564453125 0.1806640625 0.32421875 0.162109375 0.3271484375 0.1484375 0.3681640625 0.1484375 0.3994140625 0.162109375 0.4228515625 0.1943359375 0.423828125 0.2333984375 0.408203125 0.224609375 0.3564453125
3 0.2724609375 0.3359375 0.25 0.3427734375 0.25 0.3837890625 0.263671875 0.4169921875 0.2958984375 0.435546875 0.330078125 0.3779296875 0.2939453125 0.33984375 0.2724609375 0.3359375
3 0.3935546875 0.337890625 0.3603515625 0.32421875 0.349609375 0.3408203125 0.3359375 0.3974609375 0.3388671875 0.412109375 0.3544921875 0.423828125 0.3720703125 0.42578125 0.423828125 0.4091796875 0.3935546875 0.337890625
0 0.5966796875 0.078125 0.5849609375 0.078125 0.56640625 0.1025390625 0.55078125 0.1455078125 0.55078125 0.1708984375 0.5712890625 0.189453125 0.5810546875 0.1875 0.611328125 0.1201171875 0.609375 0.0908203125 0.5966796875 0.078125
0 0.5849609375 0.201171875 0.55078125 0.2626953125 0.548828125 0.2861328125 0.5712890625 0.3125 0.599609375 0.2685546875 0.611328125 0.2119140625 0.5966796875 0.19921875 0.5849609375 0.201171875
0 0.55078125 0.3818359375 0.5546875 0.4208984375 0.5849609375 0.42578125 0.607421875 0.3505859375 0.5947265625 0.326171875 0.576171875 0.3271484375 0.55078125 0.3818359375
0 0.6923828125 0.330078125 0.6669921875 0.326171875 0.650390625 0.3564453125 0.63671875 0.3916015625 0.6416015625 0.42578125 0.6650390625 0.423828125 0.685546875 0.4091796875 0.69921875 0.3408203125 0.6923828125 0.330078125
0 0.75 0.3271484375 0.724609375 0.4033203125 0.7431640625 0.42578125 0.7734375 0.4169921875 0.798828125 0.3505859375 0.7822265625 0.328125 0.75 0.3271484375
3 0.712890625 0.0908203125 0.650390625 0.0927734375 0.623046875 0.1220703125 0.625 0.1279296875 0.6630859375 0.181640625 0.6826171875 0.18359375 0.7109375 0.1318359375 0.712890625 0.0908203125
3 0.662109375 0.2021484375 0.63671875 0.2705078125 0.6669921875 0.298828125 0.7109375 0.2802734375 0.72265625 0.2392578125 0.6962890625 0.201171875 0.662109375 0.2021484375
3 0.8056640625 0.216796875 0.7548828125 0.216796875 0.724609375 0.2431640625 0.72265625 0.2548828125 0.75390625 0.3017578125 0.7744140625 0.302734375 0.79296875 0.2880859375 0.8125 0.2392578125 0.8056640625 0.216796875
2 0.662109375 0.2021484375 0.63671875 0.2705078125 0.6669921875 0.298828125 0.7109375 0.2802734375 0.72265625 0.2412109375 0.6962890625 0.201171875 0.662109375 0.2021484375
2 0.236328125 0.6259765625 0.22265625 0.6044921875 0.2041015625 0.587890625 0.171875 0.6083984375 0.1484375 0.6396484375 0.1484375 0.6611328125 0.1904296875 0.6875 0.2275390625 0.67578125 0.234375 0.6669921875 0.236328125 0.6259765625
2 0.3056640625 0.599609375 0.2783203125 0.6015625 0.26171875 0.6123046875 0.251953125 0.6630859375 0.2626953125 0.67578125 0.2841796875 0.68359375 0.33203125 0.6669921875 0.32421875 0.6259765625 0.3056640625 0.599609375
2 0.2001953125 0.712890625 0.162109375 0.7392578125 0.150390625 0.7802734375 0.1806640625 0.8125 0.234375 0.7919921875 0.23828125 0.7451171875 0.2216796875 0.712890625 0.2001953125 0.712890625
2 0.2216796875 0.83984375 0.1923828125 0.8359375 0.1640625 0.8759765625 0.158203125 0.9111328125 0.1826171875 0.935546875 0.1982421875 0.9375 0.236328125 0.9208984375 0.236328125 0.8642578125 0.2216796875 0.83984375
2 0.32421875 0.8857421875 0.306640625 0.8447265625 0.2783203125 0.8359375 0.263671875 0.8642578125 0.25 0.8974609375 0.25 0.9248046875 0.2978515625 0.9375 0.3193359375 0.923828125 0.326171875 0.9111328125 0.32421875 0.8857421875
2 0.32421875 0.7451171875 0.306640625 0.7138671875 0.2900390625 0.712890625 0.263671875 0.7392578125 0.25 0.7666015625 0.25390625 0.7939453125 0.2900390625 0.814453125 0.3193359375 0.80078125 0.330078125 0.7861328125 0.32421875 0.7451171875
2 0.3994140625 0.591796875 0.3515625 0.6279296875 0.3544921875 0.671875 0.3837890625 0.6875 0.423828125 0.6728515625 0.42578125 0.6533203125 0.412109375 0.6044921875 0.3994140625 0.591796875
2 0.3759765625 0.724609375 0.357421875 0.7548828125 0.349609375 0.7978515625 0.3642578125 0.810546875 0.3837890625 0.810546875 0.421875 0.7958984375 0.4091796875 0.724609375 0.3759765625 0.724609375
2 0.3974609375 0.8359375 0.3642578125 0.837890625 0.353515625 0.8779296875 0.349609375 0.9208984375 0.3623046875 0.93359375 0.3818359375 0.935546875 0.421875 0.9208984375 0.412109375 0.8603515625 0.3974609375 0.8359375
3 0.5625 0.5908203125 0.54296875 0.6416015625 0.5419921875 0.671875 0.5810546875 0.69921875 0.607421875 0.6982421875 0.6015625 0.6201171875 0.5869140625 0.58984375 0.5625 0.5908203125
3 0.685546875 0.5986328125 0.6689453125 0.587890625 0.6484375 0.6162109375 0.634765625 0.6396484375 0.63671875 0.6650390625 0.6787109375 0.697265625 0.6943359375 0.693359375 0.697265625 0.6201171875 0.685546875 0.5986328125
3 0.7724609375 0.58984375 0.7607421875 0.587890625 0.72265625 0.6396484375 0.720703125 0.6572265625 0.7529296875 0.685546875 0.7744140625 0.693359375 0.79296875 0.6904296875 0.798828125 0.6181640625 0.7724609375 0.58984375
3 0.5390625 0.7529296875 0.541015625 0.7958984375 0.5986328125 0.8203125 0.6015625 0.7470703125 0.5859375 0.7119140625 0.5654296875 0.712890625 0.5390625 0.7529296875
3 0.6728515625 0.71484375 0.6484375 0.7158203125 0.6328125 0.7607421875 0.640625 0.7958984375 0.6943359375 0.798828125 0.712890625 0.7724609375 0.712890625 0.7587890625 0.6728515625 0.71484375
3 0.7666015625 0.708984375 0.73828125 0.7353515625 0.72265625 0.7587890625 0.724609375 0.7939453125 0.7548828125 0.8125 0.7900390625 0.8203125 0.796875 0.7470703125 0.7666015625 0.708984375
3 0.57421875 0.8310546875 0.54296875 0.8779296875 0.546875 0.9248046875 0.5771484375 0.94921875 0.6025390625 0.947265625 0.603515625 0.8779296875 0.5810546875 0.830078125 0.57421875 0.8310546875
3 0.6806640625 0.826171875 0.64453125 0.8544921875 0.634765625 0.8759765625 0.642578125 0.9248046875 0.6767578125 0.951171875 0.6943359375 0.947265625 0.69921875 0.8544921875 0.6806640625 0.826171875
3 0.771484375 0.8310546875 0.755859375 0.8271484375 0.72265625 0.8779296875 0.728515625 0.9228515625 0.7646484375 0.94921875 0.7919921875 0.947265625 0.79296875 0.8759765625 0.771484375 0.8310546875