2 0.609375 0.65 0.09375 0.1109375
1 0.71640625 0.646875 0.1078125 0.1140625
1 0.8203125 0.6421875 0.109375 0.1234375
2 0.615625 0.7640625 0.0921875 0.09921875
2 0.7109375 0.76875 0.078125 0.10390625
2 0.80234375 0.76796875 0.0828125 0.10546875
2 0.62890625 0.90078125 0.0921875 0.109375
1 0.7203125 0.89375 0.08984375 0.1140625
1 0.8140625 0.89609375 0.084375 0.115625
0 0.30078125 0.7998046875 0.30859375 0.8017578125 0.375 0.7568359375 0.3583984375 0.71484375 0.2890625 0.7705078125 0.30078125 0.7998046875
1 0.279296875 0.1396484375 0.267578125 0.0888671875 0.2333984375 0.05078125 0.2001953125 0.03125 0.181640625 0.0576171875 0.16015625 0.1181640625 0.1826171875 0.146484375 0.2529296875 0.193359375 0.279296875 0.1396484375
1 0.359375 0.0751953125 0.3212890625 0.041015625 0.2998046875 0.03125 0.2734375 0.0888671875 0.283203125 0.1455078125 0.3447265625 0.193359375 0.37109375 0.1298828125 0.359375 0.0751953125
1 0.4365234375 0.189453125 0.462890625 0.1318359375 0.4609375 0.0771484375 0.4072265625 0.033203125 0.396484375 0.0361328125 0.376953125 0.0693359375 0.37109375 0.0947265625 0.375 0.1455078125 0.3916015625 0.171875 0.4365234375 0.189453125
3 0.2607421875 0.30078125 0.26171875 0.2353515625 0.2421875 0.1982421875 0.2294921875 0.1953125 0.20703125 0.2197265625 0.189453125 0.2451171875 0.19140625 0.2685546875 0.2451171875 0.302734375 0.2607421875 0.30078125
3 0.3466796875 0.302734375 0.3515625 0.2978515625 0.34765625 0.2177734375 0.3310546875 0.1953125 0.3232421875 0.1953125 0.302734375 0.2197265625 0.287109375 0.2431640625 0.287109375 0.2685546875 0.2998046875 0.283203125 0.3466796875 0.302734375
1 0.46484375 0.2470703125 0.45703125 0.2060546875 0.4091796875 0.177734375 0.3974609375 0.177734375 0.37109375 0.2314453125 0.369140625 0.2509765625 0.380859375 0.2744140625 0.4326171875 0.3125 0.46484375 0.2470703125
1 0.2529296875 0.43359375 0.259765625 0.4267578125 0.2734375 0.3876953125 0.271484375 0.3525390625 0.2568359375 0.337890625 0.2119140625 0.306640625 0.1943359375 0.302734375 0.171875 0.3583984375 0.16796875 0.3798828125 0.1845703125 0.3984375 0.2275390625 0.427734375 0.2529296875 0.43359375
1 0.3447265625 0.431640625 0.365234375 0.3896484375 0.3671875 0.3525390625 0.3037109375 0.302734375 0.27734375 0.3486328125 0.275390625 0.3818359375 0.28125 0.3955078125 0.3193359375 0.423828125 0.3447265625 0.431640625
1 0.4609375 0.3759765625 0.462890625 0.3505859375 0.4541015625 0.337890625 0.3994140625 0.302734375 0.37109375 0.3681640625 0.369140625 0.3818359375 0.37890625 0.3955078125 0.4306640625 0.43359375 0.4609375 0.3759765625
0 0.728515625 0.0810546875 0.7001953125 0.080078125 0.6953125 0.0888671875 0.693359375 0.1787109375 0.7197265625 0.181640625 0.728515625 0.1708984375 0.728515625 0.0810546875
1 0.8671875 0.1396484375 0.8662109375 0.046875 0.7958984375 0.05078125 0.771484375 0.0869140625 0.765625 0.0986328125 0.7685546875 0.177734375 0.8291015625 0.177734375 0.8671875 0.1396484375
0 0.634765625 0.2041015625 0.60546875 0.2060546875 0.603515625 0.2998046875 0.6279296875 0.302734375 0.634765625 0.2958984375 0.634765625 0.2041015625
1 0.763671875 0.2763671875 0.763671875 0.1845703125 0.6982421875 0.18359375 0.681640625 0.2060546875 0.67578125 0.2177734375 0.677734375 0.2978515625 0.7431640625 0.298828125 0.763671875 0.2763671875
1 0.8642578125 0.181640625 0.7939453125 0.181640625 0.76953125 0.2119140625 0.7685546875 0.296875 0.8271484375 0.298828125 0.869140625 0.2724609375 0.8642578125 0.181640625
3 0.66015625 0.3642578125 0.6572265625 0.34375 0.6064453125 0.341796875 0.58203125 0.3662109375 0.580078125 0.3798828125 0.6181640625 0.421875 0.64453125 0.4169921875 0.66015625 0.3642578125
3 0.7373046875 0.41796875 0.755859375 0.3603515625 0.75390625 0.3447265625 0.69140625 0.3466796875 0.671875 0.3681640625 0.673828125 0.3837890625 0.7080078125 0.421875 0.7373046875 0.41796875
0 0.822265625 0.3310546875 0.8193359375 0.326171875 0.7880859375 0.330078125 0.783203125 0.4189453125 0.8134765625 0.421875 0.822265625 0.4169921875 0.822265625 0.3310546875
0 0.2744140625 0.619140625 0.2158203125 0.6171875 0.19921875 0.6240234375 0.2001953125 0.66015625 0.2705078125 0.66015625 0.27734375 0.6513671875 0.2744140625 0.619140625
0 0.3671875 0.6259765625 0.3505859375 0.6015625 0.2958984375 0.642578125 0.291015625 0.6533203125 0.3076171875 0.677734375 0.3583984375 0.640625 0.3671875 0.6259765625
0 0.38671875 0.6240234375 0.3876953125 0.66015625 0.45703125 0.6552734375 0.4541015625 0.619140625 0.38671875 0.6240234375
0 0.27734375 0.7705078125 0.2724609375 0.73828125 0.2099609375 0.73828125 0.201171875 0.7451171875 0.197265625 0.7783203125 0.2021484375 0.78515625 0.2646484375 0.78515625 0.27734375 0.7705078125
0 0.443359375 0.7529296875 0.4169921875 0.7109375 0.39453125 0.7255859375 0.390625 0.7392578125 0.4267578125 0.814453125 0.44921875 0.7958984375 0.443359375 0.7529296875
0 0.267578125 0.8935546875 0.240234375 0.8330078125 0.2060546875 0.8515625 0.20703125 0.8701171875 0.236328125 0.9365234375 0.2705078125 0.921875 0.267578125 0.8935546875
0 0.388671875 0.8603515625 0.3876953125 0.908203125 0.455078125 0.9072265625 0.4541015625 0.859375 0.388671875 0.8603515625