3 0.6279296875 0.337890625 0.5888671875 0.365234375 0.58203125 0.3720703125 0.5859375 0.3955078125 0.6240234375 0.42578125 0.642578125 0.4091796875 0.654296875 0.3427734375 0.6279296875 0.337890625
3 0.75 0.3466796875 0.7255859375 0.3359375 0.6767578125 0.37109375 0.669921875 0.3779296875 0.67578125 0.3955078125 0.7080078125 0.42578125 0.7158203125 0.42578125 0.736328125 0.4111328125 0.75 0.3466796875
3 0.2294921875 0.59765625 0.1953125 0.6337890625 0.193359375 0.6474609375 0.2099609375 0.671875 0.2607421875 0.671875 0.27734375 0.6572265625 0.2587890625 0.59375 0.2294921875 0.59765625
3 0.365234375 0.6396484375 0.3515625 0.5947265625 0.322265625 0.5986328125 0.287109375 0.6357421875 0.287109375 0.6455078125 0.3056640625 0.671875 0.3544921875 0.671875 0.365234375 0.6611328125 0.365234375 0.6396484375
3 0.4228515625 0.59375 0.380859375 0.6337890625 0.380859375 0.6494140625 0.4013671875 0.671875 0.455078125 0.6669921875 0.45703125 0.6435546875 0.4384765625 0.59375 0.4228515625 0.59375
3 0.2392578125 0.71484375 0.1953125 0.7587890625 0.193359375 0.7705078125 0.2099609375 0.798828125 0.2607421875 0.798828125 0.27734375 0.7744140625 0.2587890625 0.712890625 0.2392578125 0.71484375
3 0.3486328125 0.712890625 0.3330078125 0.712890625 0.2890625 0.7568359375 0.287109375 0.7705078125 0.3056640625 0.798828125 0.3544921875 0.798828125 0.36328125 0.7880859375 0.365234375 0.7607421875 0.3486328125 0.712890625
3 0.3984375 0.7490234375 0.4013671875 0.798828125 0.453125 0.7978515625 0.45703125 0.7626953125 0.4384765625 0.712890625 0.4228515625 0.712890625 0.3984375 0.7490234375
3 0.26171875 0.8349609375 0.23828125 0.8369140625 0.193359375 0.8837890625 0.20703125 0.9228515625 0.2158203125 0.927734375 0.2607421875 0.92578125 0.27734375 0.8955078125 0.26171875 0.8349609375
3 0.3349609375 0.83203125 0.2890625 0.8798828125 0.287109375 0.8955078125 0.3056640625 0.92578125 0.357421875 0.9248046875 0.365234375 0.8818359375 0.3486328125 0.83203125 0.3349609375 0.83203125
3 0.44140625 0.8330078125 0.4248046875 0.83203125 0.404296875 0.8544921875 0.380859375 0.8818359375 0.380859375 0.8955078125 0.3984375 0.9228515625 0.4501953125 0.92578125 0.45703125 0.8837890625 0.44140625 0.8330078125
3 0.6240234375 0.587890625 0.61328125 0.5908203125 0.599609375 0.6142578125 0.59765625 0.6748046875 0.6064453125 0.69140625 0.6201171875 0.69140625 0.66015625 0.6689453125 0.66015625 0.6474609375 0.6240234375 0.587890625
3 0.755859375 0.6474609375 0.720703125 0.5908203125 0.70703125 0.5888671875 0.689453125 0.6142578125 0.689453125 0.6806640625 0.7001953125 0.69140625 0.7177734375 0.69140625 0.75390625 0.6708984375 0.755859375 0.6474609375
3 0.8134765625 0.58984375 0.8017578125 0.587890625 0.779296875 0.6142578125 0.7822265625 0.68359375 0.7939453125 0.69140625 0.8134765625 0.69140625 0.8515625 0.6689453125 0.8515625 0.6494140625 0.8134765625 0.58984375
3 0.6240234375 0.7109375 0.6162109375 0.7109375 0.599609375 0.7353515625 0.599609375 0.8037109375 0.6083984375 0.8203125 0.6201171875 0.8203125 0.66015625 0.7958984375 0.66015625 0.7763671875 0.6240234375 0.7109375
3 0.6259765625 0.833984375 0.6181640625 0.83203125 0.599609375 0.8544921875 0.599609375 0.9267578125 0.60546875 0.9462890625 0.6201171875 0.947265625 0.66015625 0.9228515625 0.66015625 0.9013671875 0.6259765625 0.833984375
3 0.755859375 0.9072265625 0.720703125 0.8369140625 0.7099609375 0.833984375 0.689453125 0.8544921875 0.689453125 0.9208984375 0.7021484375 0.947265625 0.7158203125 0.947265625 0.7509765625 0.927734375 0.755859375 0.9072265625
2 0.6044921875 0.07421875 0.595703125 0.0791015625 0.59375 0.1357421875 0.6142578125 0.169921875 0.642578125 0.1455078125 0.65234375 0.1005859375 0.6318359375 0.08203125 0.6044921875 0.07421875
2 0.7001953125 0.07421875 0.6875 0.0810546875 0.68359375 0.1357421875 0.7041015625 0.169921875 0.744140625 0.1298828125 0.74609375 0.1005859375 0.7275390625 0.08203125 0.7001953125 0.07421875
2 0.8232421875 0.08203125 0.7880859375 0.07421875 0.779296875 0.0830078125 0.7734375 0.1357421875 0.787109375 0.1669921875 0.7958984375 0.16796875 0.837890625 0.1298828125 0.83984375 0.1005859375 0.8232421875 0.08203125
2 0.6044921875 0.197265625 0.595703125 0.2041015625 0.59375 0.2548828125 0.6142578125 0.2890625 0.646484375 0.2607421875 0.65234375 0.2255859375 0.6357421875 0.205078125 0.6044921875 0.197265625
2 0.6982421875 0.197265625 0.6875 0.2060546875 0.68359375 0.2548828125 0.7041015625 0.2890625 0.744140625 0.2568359375 0.74609375 0.2255859375 0.7275390625 0.208984375 0.6982421875 0.197265625
2 0.8232421875 0.208984375 0.7919921875 0.197265625 0.779296875 0.2060546875 0.7734375 0.2548828125 0.7939453125 0.2890625 0.8291015625 0.263671875 0.84375 0.2412109375 0.83984375 0.2255859375 0.8232421875 0.208984375
2 0.7919921875 0.322265625 0.779296875 0.3291015625 0.771484375 0.3720703125 0.787109375 0.4072265625 0.8037109375 0.408203125 0.83984375 0.3818359375 0.83984375 0.3505859375 0.7919921875 0.322265625
3 0.8515625 0.7744140625 0.814453125 0.7158203125 0.798828125 0.7119140625 0.77734375 0.7353515625 0.77734375 0.7958984375 0.7978515625 0.8203125 0.8115234375 0.8203125 0.8515625 0.7978515625 0.8515625 0.7744140625
1 0.1806640625 0.048828125 0.185546875 0.1513671875 0.2119140625 0.177734375 0.2705078125 0.177734375 0.2734375 0.0947265625 0.25 0.0537109375 0.1806640625 0.048828125
1 0.349609375 0.0517578125 0.2802734375 0.048828125 0.27734375 0.1376953125 0.287109375 0.1572265625 0.3037109375 0.1796875 0.3603515625 0.1796875 0.36328125 0.0927734375 0.349609375 0.0517578125
1 0.3798828125 0.048828125 0.37890625 0.1396484375 0.388671875 0.1728515625 0.4501953125 0.177734375 0.453125 0.0810546875 0.447265625 0.0478515625 0.3798828125 0.048828125
1 0.2451171875 0.181640625 0.1806640625 0.18359375 0.177734375 0.2724609375 0.2119140625 0.298828125 0.2724609375 0.296875 0.2734375 0.2158203125 0.255859375 0.1923828125 0.2451171875 0.181640625
1 0.2802734375 0.18359375 0.28125 0.2783203125 0.3017578125 0.298828125 0.3603515625 0.298828125 0.36328125 0.2158203125 0.349609375 0.1865234375 0.2802734375 0.18359375
1 0.3818359375 0.181640625 0.37890625 0.2744140625 0.388671875 0.2939453125 0.4501953125 0.298828125 0.453125 0.2080078125 0.447265625 0.1826171875 0.3818359375 0.181640625
1 0.3818359375 0.31640625 0.37890625 0.4072265625 0.3955078125 0.419921875 0.4501953125 0.419921875 0.455078125 0.3388671875 0.44921875 0.3193359375 0.3818359375 0.31640625
1 0.3466796875 0.31640625 0.279296875 0.3173828125 0.279296875 0.4091796875 0.3037109375 0.419921875 0.3623046875 0.41796875 0.36328125 0.3349609375 0.35546875 0.3251953125 0.3466796875 0.31640625
1 0.1796875 0.3193359375 0.18359375 0.4091796875 0.2158203125 0.419921875 0.2724609375 0.41796875 0.2734375 0.3369140625 0.2451171875 0.31640625 0.1796875 0.3193359375
1 0.6787109375 0.716796875 0.67578125 0.7978515625 0.6953125 0.8310546875 0.7626953125 0.83203125 0.765625 0.7412109375 0.7373046875 0.71484375 0.6787109375 0.716796875
1 0.865234375 0.8740234375 0.8291015625 0.8359375 0.767578125 0.8388671875 0.765625 0.9169921875 0.7890625 0.9541015625 0.7998046875 0.966796875 0.8662109375 0.966796875 0.87109375 0.8818359375 0.865234375 0.8740234375