0 0.27734375 0.1240234375 0.2666015625 0.107421875 0.2001953125 0.107421875 0.19921875 0.1416015625 0.2099609375 0.154296875 0.27734375 0.1513671875 0.27734375 0.1240234375
0 0.3603515625 0.107421875 0.2939453125 0.107421875 0.29296875 0.1435546875 0.2998046875 0.154296875 0.365234375 0.1552734375 0.3603515625 0.107421875
0 0.275390625 0.2431640625 0.2685546875 0.232421875 0.2021484375 0.23046875 0.19921875 0.2646484375 0.2060546875 0.2734375 0.275390625 0.2744140625 0.275390625 0.2431640625
0 0.2646484375 0.353515625 0.2001953125 0.353515625 0.2041015625 0.39453125 0.27734375 0.3916015625 0.275390625 0.3662109375 0.2646484375 0.353515625
0 0.3857421875 0.353515625 0.3896484375 0.39453125 0.45703125 0.3916015625 0.4541015625 0.35546875 0.3857421875 0.353515625
0 0.369140625 0.6435546875 0.3193359375 0.6015625 0.3076171875 0.6015625 0.296875 0.6162109375 0.291015625 0.6357421875 0.3408203125 0.68359375 0.3505859375 0.6796875 0.369140625 0.6435546875
0 0.3154296875 0.72265625 0.30078125 0.7314453125 0.291015625 0.7607421875 0.3544921875 0.810546875 0.365234375 0.7607421875 0.3154296875 0.72265625
0 0.4013671875 0.83984375 0.388671875 0.8623046875 0.384765625 0.8837890625 0.4423828125 0.927734375 0.45703125 0.8837890625 0.4013671875 0.83984375
1 0.375 0.2724609375 0.3251953125 0.166015625 0.2705078125 0.205078125 0.26953125 0.2255859375 0.3076171875 0.30078125 0.3349609375 0.3046875 0.375 0.2724609375
1 0.46484375 0.2724609375 0.458984375 0.2373046875 0.4248046875 0.166015625 0.3779296875 0.19921875 0.3671875 0.2177734375 0.40625 0.3076171875 0.4150390625 0.3125 0.46484375 0.2724609375
0 0.373046875 0.3935546875 0.357421875 0.3466796875 0.3291015625 0.3046875 0.3095703125 0.306640625 0.2705078125 0.33984375 0.265625 0.3486328125 0.2998046875 0.42578125 0.3232421875 0.43359375 0.373046875 0.3935546875
1 0.373046875 0.3935546875 0.357421875 0.3466796875 0.3291015625 0.3046875 0.3095703125 0.306640625 0.2705078125 0.33984375 0.265625 0.3486328125 0.2998046875 0.42578125 0.3232421875 0.43359375 0.373046875 0.3935546875
1 0.2724609375 0.59765625 0.2119140625 0.595703125 0.1884765625 0.603515625 0.1845703125 0.697265625 0.2451171875 0.69921875 0.2734375 0.6767578125 0.2724609375 0.59765625
1 0.3935546875 0.595703125 0.380859375 0.6044921875 0.37890625 0.6982421875 0.4482421875 0.69921875 0.453125 0.5966796875 0.3935546875 0.595703125
1 0.259765625 0.8056640625 0.283203125 0.7392578125 0.2314453125 0.701171875 0.193359375 0.7333984375 0.169921875 0.7880859375 0.166015625 0.8076171875 0.2021484375 0.8359375 0.2275390625 0.845703125 0.259765625 0.8056640625
1 0.2734375 0.8388671875 0.2392578125 0.8359375 0.2060546875 0.84375 0.181640625 0.8701171875 0.177734375 0.9658203125 0.2451171875 0.966796875 0.2734375 0.9130859375 0.2734375 0.8388671875
1 0.375 0.8603515625 0.3212890625 0.8203125 0.287109375 0.8837890625 0.265625 0.9423828125 0.3251953125 0.982421875 0.35546875 0.9208984375 0.375 0.8603515625
2 0.6640625 0.1201171875 0.64453125 0.0908203125 0.6259765625 0.078125 0.61328125 0.0810546875 0.599609375 0.1083984375 0.6005859375 0.162109375 0.6337890625 0.162109375 0.6640625 0.1337890625 0.6640625 0.1201171875
2 0.7578125 0.1298828125 0.755859375 0.1181640625 0.740234375 0.0908203125 0.7197265625 0.078125 0.69921875 0.0927734375 0.689453125 0.1123046875 0.689453125 0.1611328125 0.7353515625 0.16015625 0.7578125 0.1298828125
2 0.8359375 0.0927734375 0.8134765625 0.078125 0.8037109375 0.078125 0.7783203125 0.1015625 0.7802734375 0.162109375 0.8193359375 0.162109375 0.8515625 0.1279296875 0.8359375 0.0927734375
2 0.6640625 0.2431640625 0.6240234375 0.201171875 0.61328125 0.2060546875 0.599609375 0.2314453125 0.6005859375 0.28125 0.6318359375 0.283203125 0.6640625 0.2568359375 0.6640625 0.2431640625
2 0.7578125 0.2548828125 0.740234375 0.2197265625 0.7177734375 0.201171875 0.69140625 0.2294921875 0.689453125 0.2802734375 0.6943359375 0.283203125 0.7255859375 0.28125 0.7578125 0.2548828125
2 0.849609375 0.2568359375 0.8515625 0.2451171875 0.8330078125 0.216796875 0.8134765625 0.203125 0.787109375 0.2099609375 0.77734375 0.2373046875 0.7802734375 0.28125 0.8173828125 0.28125 0.849609375 0.2568359375
3 0.658203125 0.3486328125 0.6533203125 0.341796875 0.6083984375 0.330078125 0.58984375 0.3427734375 0.58984375 0.4052734375 0.6005859375 0.419921875 0.650390625 0.3798828125 0.658203125 0.3486328125
3 0.74609375 0.3818359375 0.751953125 0.3505859375 0.7431640625 0.33984375 0.7021484375 0.326171875 0.68359375 0.3408203125 0.67578125 0.3505859375 0.67578125 0.3701171875 0.6845703125 0.423828125 0.74609375 0.3818359375
2 0.8173828125 0.326171875 0.7998046875 0.328125 0.779296875 0.3544921875 0.7822265625 0.40234375 0.8291015625 0.3984375 0.853515625 0.3720703125 0.8173828125 0.326171875
3 0.6083984375 0.689453125 0.650390625 0.6552734375 0.658203125 0.6181640625 0.6474609375 0.607421875 0.5947265625 0.6015625 0.5859375 0.6103515625 0.58984375 0.6650390625 0.599609375 0.6865234375 0.6083984375 0.689453125
3 0.6103515625 0.81640625 0.650390625 0.7841796875 0.658203125 0.7294921875 0.599609375 0.7138671875 0.5859375 0.7294921875 0.58984375 0.7861328125 0.6015625 0.8154296875 0.6103515625 0.81640625
3 0.658203125 0.8681640625 0.6533203125 0.85546875 0.6064453125 0.837890625 0.5888671875 0.845703125 0.58984375 0.9072265625 0.6044921875 0.947265625 0.650390625 0.9111328125 0.658203125 0.8681640625
2 0.7353515625 0.693359375 0.74609375 0.6552734375 0.74609375 0.6181640625 0.7197265625 0.603515625 0.69921875 0.6044921875 0.68359375 0.6279296875 0.693359375 0.6572265625 0.7080078125 0.677734375 0.7353515625 0.693359375
3 0.74609375 0.7822265625 0.75 0.7392578125 0.6904296875 0.71484375 0.67578125 0.7294921875 0.677734375 0.7880859375 0.7041015625 0.81640625 0.74609375 0.7822265625
3 0.845703125 0.6572265625 0.84375 0.6123046875 0.8193359375 0.6015625 0.7744140625 0.6015625 0.765625 0.6103515625 0.76953125 0.6708984375 0.7958984375 0.69140625 0.845703125 0.6572265625
1 0.77734375 0.9423828125 0.767578125 0.9072265625 0.7421875 0.8525390625 0.7197265625 0.822265625 0.6708984375 0.85546875 0.66796875 0.8740234375 0.716796875 0.9814453125 0.7236328125 0.984375 0.77734375 0.9423828125
1 0.87890625 0.8076171875 0.849609375 0.7314453125 0.8095703125 0.701171875 0.7568359375 0.73828125 0.763671875 0.7744140625 0.78125 0.8076171875 0.8193359375 0.849609375 0.87890625 0.8076171875
3 0.84375 0.8642578125 0.8369140625 0.85546875 0.7822265625 0.83984375 0.7685546875 0.845703125 0.76953125 0.9052734375 0.7958984375 0.947265625 0.83984375 0.9130859375 0.84375 0.8642578125