1 0.12109375 0.89453125 0.138671875 0.9518229171874999 0.1455078125 0.9661458328125001 0.1591796875 0.9661458328125001 0.2119140625 0.9270833328125001 0.236328125 0.88671875 0.240234375 0.86328125 0.2158203125 0.8072916671874999 0.125 0.8736979171874999 0.12109375 0.89453125
1 0.224609375 0.9075520828125001 0.2265625 0.91796875 0.2705078125 0.96875 0.31640625 0.9075520828125001 0.33203125 0.8580729171874999 0.2978515625 0.8125 0.248046875 0.86328125 0.224609375 0.9075520828125001
1 0.333984375 0.8763020828125001 0.3349609375 0.953125 0.40625 0.9466145828125001 0.4140625 0.91015625 0.4111328125 0.8203125 0.349609375 0.8268229171874999 0.333984375 0.8763020828125001
1 0.333984375 0.7330729171875 0.3369140625 0.8177083328125001 0.404296875 0.8138020828125001 0.4140625 0.7825520828125 0.4091796875 0.7005208328125 0.3642578125 0.7005208328125 0.341796875 0.7174479171875 0.333984375 0.7330729171875
1 0.22265625 0.7825520828125 0.2255859375 0.7942708328125 0.2763671875 0.8255208328125001 0.3046875 0.7981770828125 0.330078125 0.7252604171875 0.2802734375 0.6875 0.251953125 0.71484375 0.22265625 0.7825520828125
1 0.1640625 0.8333333328125001 0.190625 0.8125 0.2296875 0.7520833328125 0.23125 0.7333333328125 0.2109375 0.69375 0.2109375 0.7041666671875 0.1890625 0.7041666671875 0.2078125 0.6895833328125 0.2046875 0.68125 0.19375 0.68125 0.159375 0.7104166671875001 0.1203125 0.7666666671875 0.1203125 0.775 0.1640625 0.8333333328125001
1 0.18203125 0.6265625 0.1015625 0.12421875
1 0.28046875 0.62890625 0.09375 0.128125
1 0.378125 0.62578125 0.1078125 0.1296875
1 0.1234375 0.3166666671875 0.125 0.3458333328125 0.1578125 0.40625 0.1796875 0.4166666671875 0.20625 0.41041666718750003 0.2390625 0.3791666671875 0.23125 0.3229166671875 0.1796875 0.2854166671875 0.1234375 0.3166666671875
1 0.203125 0.35208333281250004 0.20625 0.3625 0.2671875 0.4125 0.29375 0.41875 0.3296875 0.38125 0.33125 0.35 0.29375 0.2958333328125 0.2625 0.2770833328125 0.203125 0.35208333281250004
1 0.3375 0.2958333328125 0.334375 0.3916666671875 0.35625 0.40625 0.4140625 0.40416666718750005 0.415625 0.3104166671875 0.4078125 0.3020833328125 0.3375 0.2958333328125
1 0.121875 0.19583333281249998 0.1234375 0.22291666718749997 0.1625 0.27291666718749996 0.2046875 0.2979166671875 0.24375 0.25 0.24375 0.23541666718749998 0.225 0.20416666718749998 0.16875 0.1520833328125 0.1546875 0.1520833328125 0.121875 0.19583333281249998
1 0.2296875 0.225 0.2375 0.24583333281250003 0.30625 0.2979166671875 0.3296875 0.24375 0.33125 0.2166666671875 0.30625 0.18125 0.2546875 0.1583333328125 0.2296875 0.225
1 0.325 0.0479166671875 0.325 0.0770833328125 0.35 0.1354166671875 0.371875 0.1625 0.3984375 0.1666666671875 0.4234375 0.1395833328125 0.425 0.11875 0.409375 0.0645833328125 0.3796875 0.0270833328125 0.325 0.0479166671875
1 0.5390625 0.8458333328125001 0.5390625 0.8875 0.575 0.9645833328125001 0.634375 0.925 0.6125 0.8520833328125 0.5984375 0.8291666671875 0.5390625 0.8458333328125001
1 0.7265625 0.81875 0.728125 0.8895833328125 0.7328125 0.9145833328125 0.75 0.9416666671874999 0.8203125 0.94375 0.821875 0.8854166671874999 0.8078125 0.81875 0.7265625 0.81875
1 0.5453125 0.575 0.5421875 0.6708333328125 0.5578125 0.6875 0.578125 0.6916666671875 0.6296875 0.6833333328125 0.6359375 0.6729166671875 0.63125 0.5770833328125 0.6109375 0.56875 0.5453125 0.575
1 0.634375 0.6625 0.64375 0.675 0.659375 0.6854166671875 0.7234375 0.68125 0.721875 0.5875 0.6921875 0.5729166671875 0.6359375 0.575 0.634375 0.6625
1 0.7203125 0.59375 0.71875 0.625 0.740625 0.6729166671875 0.76875 0.6958333328124999 0.7875 0.69375 0.8375 0.6520833328125 0.8078125 0.575 0.7921875 0.5666666671875 0.7609375 0.5645833328125 0.7203125 0.59375
1 0.7296875 0.3145833328125 0.7296875 0.40416666718750005 0.7828125 0.40625 0.8234375 0.3895833328125 0.825 0.2979166671875 0.759375 0.2979166671875 0.7296875 0.3145833328125
1 0.625 0.2479166671875 0.628125 0.2645833328125 0.671875 0.2958333328125 0.684375 0.2916666671875 0.7109375 0.25625 0.734375 0.1895833328125 0.69375 0.1583333328125 0.665625 0.1625 0.625 0.2479166671875
1 0.5375 0.20416666718749998 0.534375 0.24583333281250003 0.5734375 0.32083333281250004 0.6296875 0.23958333281250002 0.640625 0.20208333281250002 0.603125 0.1604166671875 0.5703125 0.1625 0.5375 0.20416666718749998
1 0.71875 0.23541666718749998 0.725 0.2770833328125 0.7328125 0.2854166671875 0.8109375 0.2916666671875 0.8234375 0.2416666671875 0.8203125 0.1625 0.809375 0.1541666671875 0.7765625 0.15625 0.75 0.16875 0.728125 0.1979166671875 0.71875 0.23541666718749998
1 0.54375 0.0625 0.5421875 0.14375 0.5515625 0.1583333328125 0.6125 0.1520833328125 0.646875 0.0270833328125 0.5734375 0.0166666671875 0.559375 0.0229166671875 0.54375 0.0625
1 0.7125 0.0916666671875 0.7140625 0.13333333281249998 0.7296875 0.1625 0.7484375 0.1708333328125 0.83125 0.1166666671875 0.846875 0.0916666671875 0.826546975 0.0670380984375 0.8132861312499999 0.044300514062500004 0.79375 0.0083333328125 0.7390625 0.0479166671875 0.7125 0.0916666671875
1 0.68359375 0.89140625 0.11171875 0.14765625
1 0.5796875 0.7625 0.1046875 0.1359375
1 0.68046875 0.76640625 0.09140625 0.13203125
1 0.77265625 0.7625 0.10625 0.1359375
1 0.57890625 0.3609375 0.1 0.1375
1 0.67890625 0.359375 0.0984375 0.13671875
1 0.675 0.09765625 0.09140625 0.15546875
1 0.178125 0.08984375 0.09921875 0.159375
1 0.28125 0.09921875 0.08671875 0.15703125
1 0.378125 0.21953125 0.08359375 0.1234375