0 0.4404296875 0.9140625 0.44921875 0.9052734375 0.4453125 0.8701171875 0.421875 0.8154296875 0.4150390625 0.814453125 0.388671875 0.8271484375 0.38671875 0.8544921875 0.4140625 0.9228515625 0.4404296875 0.9140625
0 0.36328125 0.8740234375 0.330078125 0.8193359375 0.3173828125 0.8125 0.29296875 0.8466796875 0.30078125 0.8837890625 0.3388671875 0.92578125 0.361328125 0.9033203125 0.36328125 0.8740234375
0 0.271484375 0.8896484375 0.248046875 0.8291015625 0.2392578125 0.814453125 0.2275390625 0.81640625 0.201171875 0.8505859375 0.23046875 0.9208984375 0.267578125 0.9111328125 0.271484375 0.8896484375
0 0.447265625 0.7451171875 0.4189453125 0.693359375 0.392578125 0.7138671875 0.388671875 0.7373046875 0.4130859375 0.798828125 0.4345703125 0.80078125 0.447265625 0.7841796875 0.447265625 0.7451171875
0 0.359375 0.7392578125 0.333984375 0.6923828125 0.3056640625 0.701171875 0.296875 0.7197265625 0.3046875 0.7626953125 0.3310546875 0.796875 0.357421875 0.7802734375 0.359375 0.7392578125
0 0.271484375 0.7724609375 0.2734375 0.7548828125 0.244140625 0.6904296875 0.2275390625 0.6875 0.203125 0.7138671875 0.21484375 0.7705078125 0.2314453125 0.798828125 0.2666015625 0.787109375 0.271484375 0.7724609375
0 0.4267578125 0.67578125 0.4404296875 0.666015625 0.44921875 0.6572265625 0.4453125 0.6298828125 0.419921875 0.5771484375 0.4033203125 0.57421875 0.390625 0.5927734375 0.388671875 0.6220703125 0.4150390625 0.671875 0.4267578125 0.67578125
0 0.36328125 0.6318359375 0.375 0.6181640625 0.375 0.6025390625 0.3525390625 0.583984375 0.3154296875 0.599609375 0.287109375 0.6455078125 0.2939453125 0.66015625 0.3212890625 0.662109375 0.36328125 0.6318359375
0 0.2431640625 0.673828125 0.2607421875 0.662109375 0.271484375 0.6513671875 0.26171875 0.6123046875 0.25 0.5791015625 0.2314453125 0.576171875 0.205078125 0.5947265625 0.20703125 0.6064453125 0.236328125 0.6708984375 0.2431640625 0.673828125
0 0.38671875 0.1591796875 0.4189453125 0.162109375 0.4453125 0.1103515625 0.44921875 0.0830078125 0.4248046875 0.0625 0.38671875 0.1591796875
0 0.361328125 0.1181640625 0.361328125 0.0791015625 0.3310546875 0.0625 0.294921875 0.1455078125 0.3056640625 0.158203125 0.3291015625 0.1640625 0.3515625 0.1396484375 0.361328125 0.1181640625
0 0.7470703125 0.787109375 0.75 0.7783203125 0.712890625 0.7060546875 0.7001953125 0.6953125 0.6767578125 0.701171875 0.6796875 0.7333984375 0.7109375 0.7900390625 0.7216796875 0.798828125 0.7470703125 0.787109375
1 0.3681640625 0.38671875 0.373046875 0.3681640625 0.357421875 0.3251953125 0.3291015625 0.291015625 0.3076171875 0.29296875 0.267578125 0.3271484375 0.2900390625 0.408203125 0.3251953125 0.41796875 0.3681640625 0.38671875
1 0.46484375 0.2587890625 0.458984375 0.2197265625 0.4267578125 0.154296875 0.3818359375 0.177734375 0.3671875 0.2021484375 0.4091796875 0.296875 0.4560546875 0.267578125 0.46484375 0.2587890625
1 0.369140625 0.2705078125 0.373046875 0.2509765625 0.3310546875 0.1640625 0.3076171875 0.16015625 0.265625 0.1943359375 0.29296875 0.2646484375 0.3095703125 0.287109375 0.3330078125 0.291015625 0.369140625 0.2705078125
3 0.275390625 0.3857421875 0.27734375 0.3701171875 0.26171875 0.3193359375 0.2431640625 0.302734375 0.2275390625 0.306640625 0.19140625 0.3544921875 0.193359375 0.3642578125 0.2236328125 0.38671875 0.275390625 0.3857421875
3 0.2294921875 0.2734375 0.2744140625 0.267578125 0.27734375 0.2490234375 0.26171875 0.1982421875 0.2451171875 0.1796875 0.2294921875 0.1796875 0.205078125 0.2021484375 0.193359375 0.2275390625 0.193359375 0.2470703125 0.2294921875 0.2734375
2 0.650390625 0.8896484375 0.638671875 0.8447265625 0.6162109375 0.82421875 0.591796875 0.8544921875 0.587890625 0.9091796875 0.6240234375 0.923828125 0.646484375 0.9228515625 0.650390625 0.8896484375
2 0.849609375 0.8759765625 0.814453125 0.8193359375 0.7998046875 0.814453125 0.779296875 0.8388671875 0.775390625 0.8935546875 0.7900390625 0.9140625 0.8359375 0.9091796875 0.849609375 0.8759765625
2 0.6220703125 0.701171875 0.587890625 0.7373046875 0.591796875 0.7841796875 0.6416015625 0.8125 0.6484375 0.8095703125 0.650390625 0.7431640625 0.6220703125 0.701171875
2 0.837890625 0.7998046875 0.845703125 0.7587890625 0.8212890625 0.720703125 0.8037109375 0.708984375 0.7919921875 0.712890625 0.771484375 0.7333984375 0.775390625 0.7744140625 0.8017578125 0.80078125 0.837890625 0.7998046875
2 0.740234375 0.6748046875 0.74609375 0.6142578125 0.7333984375 0.5859375 0.7119140625 0.58984375 0.681640625 0.6123046875 0.673828125 0.6474609375 0.6845703125 0.662109375 0.7275390625 0.677734375 0.740234375 0.6748046875
2 0.833984375 0.6708984375 0.84765625 0.6376953125 0.82421875 0.5908203125 0.7900390625 0.58984375 0.765625 0.6162109375 0.775390625 0.6572265625 0.8017578125 0.673828125 0.8291015625 0.677734375 0.833984375 0.6708984375
2 0.853515625 0.3662109375 0.8515625 0.3544921875 0.8134765625 0.30078125 0.7919921875 0.30078125 0.7734375 0.3466796875 0.779296875 0.3857421875 0.83984375 0.3837890625 0.853515625 0.3662109375
2 0.744140625 0.3759765625 0.75 0.3505859375 0.740234375 0.3291015625 0.7177734375 0.30078125 0.7080078125 0.30078125 0.689453125 0.3388671875 0.689453125 0.3837890625 0.7333984375 0.388671875 0.744140625 0.3759765625
2 0.658203125 0.3486328125 0.634765625 0.3076171875 0.6181640625 0.30078125 0.599609375 0.3369140625 0.599609375 0.3857421875 0.6337890625 0.38671875 0.6611328125 0.375 0.658203125 0.3486328125
2 0.8359375 0.2607421875 0.84765625 0.2431640625 0.8359375 0.2001953125 0.8232421875 0.17578125 0.8056640625 0.17578125 0.77734375 0.2197265625 0.779296875 0.2646484375 0.8212890625 0.271484375 0.8359375 0.2607421875
2 0.748046875 0.2158203125 0.7177734375 0.17578125 0.7021484375 0.17578125 0.689453125 0.2177734375 0.689453125 0.2646484375 0.7236328125 0.267578125 0.744140625 0.2529296875 0.748046875 0.2158203125
2 0.65625 0.2431640625 0.65625 0.2255859375 0.62890625 0.1806640625 0.6181640625 0.17578125 0.59765625 0.2255859375 0.599609375 0.2646484375 0.63671875 0.2724609375 0.65625 0.2431640625
2 0.84375 0.1005859375 0.822265625 0.0517578125 0.7919921875 0.056640625 0.77734375 0.0869140625 0.779296875 0.1455078125 0.8154296875 0.146484375 0.83984375 0.1220703125 0.84375 0.1005859375
2 0.748046875 0.1201171875 0.75 0.1005859375 0.740234375 0.0751953125 0.7177734375 0.05078125 0.7080078125 0.052734375 0.689453125 0.0986328125 0.689453125 0.1455078125 0.7294921875 0.1484375 0.748046875 0.1201171875
2 0.6484375 0.1337890625 0.65625 0.1025390625 0.646484375 0.0771484375 0.6259765625 0.05078125 0.6123046875 0.052734375 0.59765625 0.1044921875 0.599609375 0.1455078125 0.6337890625 0.146484375 0.6484375 0.1337890625
3 0.4501953125 0.388671875 0.45703125 0.3818359375 0.4609375 0.3525390625 0.451171875 0.3173828125 0.4365234375 0.306640625 0.4189453125 0.306640625 0.376953125 0.3525390625 0.380859375 0.3720703125 0.4091796875 0.388671875 0.4501953125 0.388671875