3 0.6181640625 0.0703125 0.5859375 0.1240234375 0.583984375 0.1591796875 0.6201171875 0.181640625 0.6337890625 0.181640625 0.64453125 0.1630859375 0.64453125 0.0888671875 0.6181640625 0.0703125
3 0.7197265625 0.0703125 0.7060546875 0.0703125 0.677734375 0.1181640625 0.67578125 0.1591796875 0.7119140625 0.18359375 0.7255859375 0.181640625 0.740234375 0.1591796875 0.740234375 0.0888671875 0.7197265625 0.0703125
3 0.8037109375 0.0703125 0.765625 0.1318359375 0.763671875 0.1591796875 0.8037109375 0.18359375 0.8154296875 0.18359375 0.8359375 0.1591796875 0.8359375 0.0888671875 0.8037109375 0.0703125
3 0.615234375 0.1962890625 0.5859375 0.2490234375 0.5849609375 0.28125 0.6240234375 0.302734375 0.640625 0.2958984375 0.64453125 0.2177734375 0.6259765625 0.1953125 0.615234375 0.1962890625
3 0.7177734375 0.193359375 0.70703125 0.1962890625 0.681640625 0.2431640625 0.673828125 0.2587890625 0.6767578125 0.28125 0.7119140625 0.302734375 0.740234375 0.2880859375 0.740234375 0.2177734375 0.7177734375 0.193359375
3 0.8037109375 0.193359375 0.765625 0.2548828125 0.7646484375 0.28125 0.8056640625 0.302734375 0.8212890625 0.298828125 0.837890625 0.2841796875 0.8359375 0.2177734375 0.8037109375 0.193359375
3 0.6259765625 0.3125 0.61328125 0.3232421875 0.587890625 0.3701171875 0.5869140625 0.400390625 0.6201171875 0.421875 0.64453125 0.4169921875 0.64453125 0.3447265625 0.6357421875 0.318359375 0.6259765625 0.3125
3 0.8359375 0.3447265625 0.8134765625 0.3203125 0.798828125 0.3232421875 0.763671875 0.3779296875 0.763671875 0.3974609375 0.8037109375 0.421875 0.8291015625 0.419921875 0.8359375 0.4130859375 0.8359375 0.3447265625
3 0.4453125 0.0830078125 0.4404296875 0.076171875 0.4169921875 0.076171875 0.3828125 0.0966796875 0.37890625 0.1181640625 0.384765625 0.1376953125 0.408203125 0.1826171875 0.4228515625 0.185546875 0.447265625 0.1298828125 0.4453125 0.0830078125
3 0.3427734375 0.19921875 0.287109375 0.2236328125 0.283203125 0.2431640625 0.30859375 0.2880859375 0.3310546875 0.306640625 0.35546875 0.2568359375 0.3515625 0.2060546875 0.3427734375 0.19921875
3 0.4365234375 0.19921875 0.384765625 0.2216796875 0.380859375 0.2490234375 0.408203125 0.2978515625 0.4208984375 0.306640625 0.447265625 0.2490234375 0.4453125 0.2060546875 0.4365234375 0.19921875
3 0.4345703125 0.32421875 0.3828125 0.3525390625 0.37890625 0.3701171875 0.408203125 0.4208984375 0.4208984375 0.42578125 0.4453125 0.3759765625 0.443359375 0.3291015625 0.4345703125 0.32421875
3 0.2470703125 0.32421875 0.19140625 0.3505859375 0.1875 0.3701171875 0.2109375 0.4130859375 0.2431640625 0.42578125 0.265625 0.3759765625 0.259765625 0.3310546875 0.2470703125 0.32421875
2 0.2099609375 0.21484375 0.205078125 0.2431640625 0.203125 0.2724609375 0.2275390625 0.3046875 0.2490234375 0.30859375 0.26953125 0.2431640625 0.2431640625 0.21484375 0.2099609375 0.21484375
2 0.7060546875 0.33203125 0.69140625 0.3369140625 0.68359375 0.3740234375 0.6953125 0.4091796875 0.7021484375 0.41015625 0.74609375 0.3798828125 0.75390625 0.3447265625 0.7060546875 0.33203125
2 0.646484375 0.6025390625 0.6220703125 0.60546875 0.6025390625 0.619140625 0.59375 0.6337890625 0.609375 0.6708984375 0.6416015625 0.693359375 0.6484375 0.6845703125 0.654296875 0.6337890625 0.646484375 0.6025390625
2 0.7060546875 0.599609375 0.69140625 0.6220703125 0.68359375 0.6396484375 0.6865234375 0.650390625 0.7236328125 0.6796875 0.751953125 0.6728515625 0.7333984375 0.6015625 0.7060546875 0.599609375
2 0.5947265625 0.744140625 0.615234375 0.8056640625 0.6435546875 0.81640625 0.654296875 0.7607421875 0.6484375 0.7353515625 0.6220703125 0.724609375 0.5947265625 0.744140625
2 0.7119140625 0.724609375 0.6904296875 0.740234375 0.68359375 0.7548828125 0.705078125 0.7998046875 0.7373046875 0.81640625 0.74609375 0.7861328125 0.744140625 0.7392578125 0.7119140625 0.724609375
2 0.841796875 0.7431640625 0.8056640625 0.724609375 0.7783203125 0.7421875 0.7734375 0.7509765625 0.787109375 0.7861328125 0.8056640625 0.8125 0.8291015625 0.818359375 0.84375 0.7822265625 0.841796875 0.7431640625
2 0.8056640625 0.837890625 0.7763671875 0.86328125 0.7734375 0.8740234375 0.80078125 0.9326171875 0.8310546875 0.94140625 0.841796875 0.9130859375 0.837890625 0.8642578125 0.8056640625 0.837890625
0 0.2431640625 0.58984375 0.208984375 0.6591796875 0.205078125 0.6708984375 0.2158203125 0.68359375 0.2255859375 0.689453125 0.2373046875 0.685546875 0.2734375 0.6083984375 0.2431640625 0.58984375
0 0.3466796875 0.59375 0.330078125 0.5947265625 0.30078125 0.6611328125 0.298828125 0.6728515625 0.3173828125 0.689453125 0.330078125 0.6826171875 0.349609375 0.6513671875 0.359375 0.6142578125 0.3466796875 0.59375
0 0.392578125 0.6650390625 0.390625 0.6767578125 0.4150390625 0.689453125 0.44921875 0.6142578125 0.4326171875 0.591796875 0.423828125 0.5947265625 0.392578125 0.6650390625
0 0.216796875 0.7646484375 0.20703125 0.7998046875 0.2314453125 0.8125 0.26953125 0.7255859375 0.2470703125 0.7109375 0.234375 0.7236328125 0.216796875 0.7646484375
0 0.3046875 0.7763671875 0.298828125 0.7998046875 0.3232421875 0.8125 0.357421875 0.7451171875 0.361328125 0.7216796875 0.3369140625 0.7109375 0.3046875 0.7763671875
0 0.4169921875 0.7109375 0.39453125 0.7255859375 0.40234375 0.7705078125 0.421875 0.8095703125 0.4306640625 0.8125 0.44921875 0.7958984375 0.439453125 0.7568359375 0.4169921875 0.7109375
0 0.3251953125 0.828125 0.2958984375 0.853515625 0.32421875 0.9248046875 0.3369140625 0.9375 0.35546875 0.9228515625 0.359375 0.9013671875 0.330078125 0.8310546875 0.3251953125 0.828125
0 0.392578125 0.9091796875 0.390625 0.9208984375 0.4150390625 0.9375 0.44921875 0.8623046875 0.44921875 0.8447265625 0.4287109375 0.830078125 0.392578125 0.9091796875
1 0.181640625 0.8701171875 0.177734375 0.9658203125 0.2470703125 0.966796875 0.2734375 0.9208984375 0.2734375 0.8369140625 0.2119140625 0.8359375 0.181640625 0.8701171875
1 0.6298828125 0.818359375 0.5849609375 0.8515625 0.576171875 0.8603515625 0.58203125 0.9013671875 0.6220703125 0.984375 0.6650390625 0.953125 0.677734375 0.9345703125 0.6298828125 0.818359375
1 0.6689453125 0.85546875 0.669921875 0.8837890625 0.7197265625 0.984375 0.779296875 0.9443359375 0.755859375 0.8798828125 0.7197265625 0.822265625 0.6689453125 0.85546875
1 0.8828125 0.6611328125 0.8427734375 0.58984375 0.8056640625 0.58203125 0.7607421875 0.615234375 0.755859375 0.6279296875 0.783203125 0.6923828125 0.8173828125 0.71484375 0.8291015625 0.712890625 0.87890625 0.6728515625 0.8828125 0.6611328125