2 0.390625 0.35 0.09375 0.1109375
1 0.28359375 0.353125 0.1078125 0.1140625
1 0.1796875 0.3578125 0.109375 0.1234375
2 0.384375 0.2359375 0.0921875 0.09921875
2 0.2890625 0.23125 0.078125 0.10390625
2 0.19765625 0.23203125 0.0828125 0.10546875
2 0.37109375 0.09921875 0.0921875 0.109375
1 0.2796875 0.10625 0.08984375 0.1140625
1 0.1859375 0.10390625 0.084375 0.115625
0 0.7109375 0.2294921875 0.69921875 0.2001953125 0.69140625 0.1982421875 0.625 0.2431640625 0.6416015625 0.28515625 0.7109375 0.2294921875
1 0.818359375 0.9423828125 0.83984375 0.8818359375 0.8173828125 0.853515625 0.7470703125 0.806640625 0.720703125 0.8603515625 0.732421875 0.9111328125 0.7666015625 0.94921875 0.7998046875 0.96875 0.818359375 0.9423828125
1 0.716796875 0.8544921875 0.6552734375 0.806640625 0.62890625 0.8701171875 0.640625 0.9248046875 0.6787109375 0.958984375 0.7001953125 0.96875 0.7265625 0.9111328125 0.716796875 0.8544921875
1 0.603515625 0.9638671875 0.623046875 0.9306640625 0.62890625 0.9052734375 0.625 0.8544921875 0.6083984375 0.828125 0.5634765625 0.810546875 0.537109375 0.8681640625 0.5390625 0.9228515625 0.5927734375 0.966796875 0.603515625 0.9638671875
3 0.79296875 0.7802734375 0.810546875 0.7548828125 0.80859375 0.7314453125 0.7548828125 0.697265625 0.7392578125 0.69921875 0.73828125 0.7646484375 0.7578125 0.8017578125 0.7705078125 0.8046875 0.79296875 0.7802734375
3 0.6767578125 0.8046875 0.697265625 0.7802734375 0.712890625 0.7568359375 0.712890625 0.7314453125 0.7001953125 0.716796875 0.6533203125 0.697265625 0.6484375 0.7021484375 0.65234375 0.7822265625 0.6689453125 0.8046875 0.6767578125 0.8046875
1 0.62890625 0.7685546875 0.630859375 0.7490234375 0.619140625 0.7255859375 0.5673828125 0.6875 0.53515625 0.7529296875 0.54296875 0.7939453125 0.5908203125 0.822265625 0.6025390625 0.822265625 0.62890625 0.7685546875
1 0.7431640625 0.662109375 0.7880859375 0.693359375 0.8056640625 0.697265625 0.828125 0.6416015625 0.83203125 0.6201171875 0.8154296875 0.6015625 0.7724609375 0.572265625 0.7470703125 0.56640625 0.740234375 0.5732421875 0.7265625 0.6123046875 0.728515625 0.6474609375 0.7431640625 0.662109375
1 0.72265625 0.6513671875 0.724609375 0.6181640625 0.71875 0.6044921875 0.6806640625 0.576171875 0.6552734375 0.568359375 0.634765625 0.6103515625 0.6328125 0.6474609375 0.6962890625 0.697265625 0.72265625 0.6513671875
1 0.62890625 0.6318359375 0.630859375 0.6181640625 0.62109375 0.6044921875 0.5693359375 0.56640625 0.5390625 0.6240234375 0.537109375 0.6494140625 0.5458984375 0.662109375 0.6005859375 0.697265625 0.62890625 0.6318359375
0 0.2802734375 0.818359375 0.271484375 0.8291015625 0.271484375 0.9189453125 0.2998046875 0.919921875 0.3046875 0.9111328125 0.306640625 0.8212890625 0.2802734375 0.818359375
1 0.234375 0.9013671875 0.2314453125 0.822265625 0.1708984375 0.822265625 0.1328125 0.8603515625 0.1337890625 0.953125 0.2041015625 0.94921875 0.228515625 0.9130859375 0.234375 0.9013671875
0 0.365234375 0.7041015625 0.365234375 0.7958984375 0.39453125 0.7939453125 0.396484375 0.7001953125 0.3720703125 0.697265625 0.365234375 0.7041015625
1 0.32421875 0.7822265625 0.322265625 0.7021484375 0.2568359375 0.701171875 0.236328125 0.7236328125 0.236328125 0.8154296875 0.3017578125 0.81640625 0.318359375 0.7939453125 0.32421875 0.7822265625
1 0.1728515625 0.701171875 0.130859375 0.7275390625 0.1357421875 0.818359375 0.2060546875 0.818359375 0.23046875 0.7880859375 0.2314453125 0.703125 0.1728515625 0.701171875
3 0.419921875 0.6201171875 0.3818359375 0.578125 0.35546875 0.5830078125 0.33984375 0.6357421875 0.3427734375 0.65625 0.3935546875 0.658203125 0.41796875 0.6337890625 0.419921875 0.6201171875
3 0.328125 0.6318359375 0.326171875 0.6162109375 0.2919921875 0.578125 0.2626953125 0.58203125 0.244140625 0.6396484375 0.24609375 0.6552734375 0.30859375 0.6533203125 0.328125 0.6318359375
0 0.1865234375 0.578125 0.177734375 0.5830078125 0.177734375 0.6689453125 0.1806640625 0.673828125 0.2119140625 0.669921875 0.216796875 0.5810546875 0.1865234375 0.578125
0 0.7294921875 0.33984375 0.72265625 0.3486328125 0.7255859375 0.380859375 0.7841796875 0.3828125 0.80078125 0.3759765625 0.7998046875 0.33984375 0.7294921875 0.33984375
0 0.6923828125 0.322265625 0.6416015625 0.359375 0.6328125 0.3740234375 0.6494140625 0.3984375 0.7041015625 0.357421875 0.708984375 0.3466796875 0.6923828125 0.322265625
0 0.61328125 0.3759765625 0.6123046875 0.33984375 0.54296875 0.3447265625 0.5458984375 0.380859375 0.61328125 0.3759765625
0 0.802734375 0.2216796875 0.7978515625 0.21484375 0.7353515625 0.21484375 0.72265625 0.2294921875 0.7275390625 0.26171875 0.7900390625 0.26171875 0.798828125 0.2548828125 0.802734375 0.2216796875
0 0.5732421875 0.185546875 0.55078125 0.2041015625 0.556640625 0.2470703125 0.5830078125 0.2890625 0.60546875 0.2744140625 0.609375 0.2607421875 0.5732421875 0.185546875
0 0.763671875 0.0634765625 0.7294921875 0.078125 0.732421875 0.1064453125 0.759765625 0.1669921875 0.7939453125 0.1484375 0.79296875 0.1298828125 0.763671875 0.0634765625
0 0.611328125 0.1396484375 0.6123046875 0.091796875 0.544921875 0.0927734375 0.5458984375 0.140625 0.611328125 0.1396484375