3 0.8125 0.1572265625 0.8327575859374999 0.069466346875 0.7702679609375 0.031989871875 0.7490234375 0.078125 0.71484375 0.1572265625 0.7685546875 0.193359375 0.8125 0.1572265625
1 0.818359375 0.0927734375 0.818359375 0.0615234375 0.7724609375 0.025390625 0.73046875 0.1123046875 0.71484375 0.1552734375 0.7626953125 0.19140625 0.7705078125 0.19140625 0.794921875 0.1650390625 0.818359375 0.0927734375
3 0.697265625 0.0927734375 0.6796875 0.0732421875 0.666015625 0.0751953125 0.638671875 0.1240234375 0.6357421875 0.162109375 0.6708984375 0.171875 0.697265625 0.1591796875 0.697265625 0.0927734375
3 0.6015625 0.0908203125 0.5859375 0.0732421875 0.5791015625 0.068359375 0.548828125 0.1044921875 0.54296875 0.1591796875 0.5810546875 0.18359375 0.5947265625 0.18359375 0.6015625 0.1630859375 0.6015625 0.0908203125
3 0.79296875 0.2197265625 0.7734375 0.1982421875 0.7578125 0.2001953125 0.72265625 0.2587890625 0.72265625 0.2783203125 0.7626953125 0.302734375 0.79296875 0.2861328125 0.79296875 0.2197265625
3 0.6015625 0.2177734375 0.587890625 0.2001953125 0.5771484375 0.1953125 0.541015625 0.2451171875 0.54296875 0.2783203125 0.5830078125 0.302734375 0.5947265625 0.30078125 0.6015625 0.2900390625 0.6015625 0.2177734375
3 0.603515625 0.3486328125 0.5859375 0.3134765625 0.578125 0.3134765625 0.546875 0.3662109375 0.54296875 0.3974609375 0.5810546875 0.421875 0.5947265625 0.421875 0.603515625 0.4130859375 0.603515625 0.3486328125
1 0.82421875 0.3798828125 0.83203125 0.3408203125 0.7861328125 0.3046875 0.7685546875 0.3046875 0.744140625 0.3212890625 0.716796875 0.3955078125 0.7646484375 0.43359375 0.7958984375 0.427734375 0.806640625 0.4189453125 0.82421875 0.3798828125
1 0.732421875 0.3486328125 0.7197265625 0.330078125 0.6904296875 0.306640625 0.6669921875 0.30859375 0.654296875 0.3212890625 0.626953125 0.3916015625 0.6650390625 0.431640625 0.6865234375 0.435546875 0.705078125 0.4228515625 0.732421875 0.3486328125
1 0.732421875 0.2255859375 0.732421875 0.2080078125 0.7021484375 0.185546875 0.6767578125 0.18359375 0.64453125 0.2197265625 0.626953125 0.2763671875 0.6396484375 0.287109375 0.6767578125 0.2890625 0.7041015625 0.279296875 0.732421875 0.2255859375
1 0.83203125 0.0849609375 0.8291015625 0.07421875 0.8203125 0.0771484375 0.8251953125 0.091796875 0.83203125 0.0849609375
1 0.7158203125 0.16015625 0.765625 0.1943359375 0.814453125 0.1572265625 0.84375 0.1142578125 0.8353283796875 0.0981914046875 0.8330078125 0.119140625 0.82421875 0.1103515625 0.833984375 0.0771484375 0.7744140625 0.02734375 0.71484375 0.1494140625 0.7158203125 0.16015625
1 0.2626953125 0.41796875 0.302734375 0.4326171875 0.310546875 0.4306640625 0.32421875 0.4033203125 0.333984375 0.3583984375 0.3193359375 0.33984375 0.3037109375 0.3359375 0.2568359375 0.30078125 0.23046875 0.3447265625 0.22265625 0.3818359375 0.2626953125 0.41796875
1 0.1611328125 0.283203125 0.2109375 0.3134765625 0.234375 0.2822265625 0.23828125 0.2626953125 0.24609375 0.2587890625 0.244140625 0.2392578125 0.2080078125 0.201171875 0.1728515625 0.1796875 0.1669921875 0.166015625 0.1572265625 0.166015625 0.1484375 0.1728515625 0.115234375 0.2470703125 0.1279296875 0.26171875 0.1396484375 0.26171875 0.1611328125 0.283203125
0 0.15625 0.1396484375 0.169921875 0.1552734375 0.2333984375 0.15625 0.232421875 0.1123046875 0.2216796875 0.10546875 0.1591796875 0.107421875 0.15625 0.1396484375
0 0.3623046875 0.294921875 0.373046875 0.3017578125 0.380859375 0.3017578125 0.38671875 0.2861328125 0.3984375 0.2763671875 0.39453125 0.2666015625 0.41015625 0.2333984375 0.412109375 0.2177734375 0.3935546875 0.201171875 0.380859375 0.2041015625 0.349609375 0.2763671875 0.349609375 0.2958984375 0.3623046875 0.294921875
0 0.158203125 0.3896484375 0.171875 0.3955078125 0.2314453125 0.396484375 0.234375 0.3916015625 0.22265625 0.3818359375 0.2265625 0.3564453125 0.1591796875 0.35546875 0.158203125 0.3896484375
1 0.640625 0.6669921875 0.66796875 0.7060546875 0.6884765625 0.70703125 0.734375 0.6748046875 0.705078125 0.5966796875 0.6826171875 0.58203125 0.6748046875 0.58203125 0.626953125 0.6162109375 0.640625 0.6669921875
1 0.625 0.7431640625 0.673828125 0.8486328125 0.7001953125 0.833984375 0.734375 0.8017578125 0.701171875 0.7255859375 0.6865234375 0.7109375 0.6669921875 0.708984375 0.625 0.7431640625
1 0.740234375 0.9267578125 0.775390625 0.9814453125 0.8271484375 0.943359375 0.83203125 0.9306640625 0.80859375 0.8759765625 0.810546875 0.8623046875 0.7646484375 0.822265625 0.7275390625 0.849609375 0.716796875 0.8603515625 0.716796875 0.8681640625 0.740234375 0.9267578125
1 0.537109375 0.7685546875 0.57421875 0.8486328125 0.6064453125 0.83203125 0.634765625 0.8056640625 0.5888671875 0.701171875 0.53515625 0.7412109375 0.537109375 0.7685546875
0 0.7763671875 0.681640625 0.794921875 0.6845703125 0.80078125 0.6826171875 0.80078125 0.6650390625 0.8125 0.6572265625 0.8125 0.6396484375 0.8037109375 0.6484375 0.7529296875 0.60546875 0.7333984375 0.6015625 0.71875 0.6220703125 0.732421875 0.6494140625 0.7490234375 0.65234375 0.7763671875 0.681640625
0 0.7919921875 0.8046875 0.79296875 0.8115234375 0.80078125 0.7802734375 0.8125 0.7744140625 0.810546875 0.7626953125 0.7783203125 0.751953125 0.7470703125 0.71484375 0.7431640625 0.72265625 0.7314453125 0.72265625 0.72265625 0.7529296875 0.7724609375 0.798828125 0.7919921875 0.8046875
0 0.5693359375 0.662109375 0.6015625 0.6806640625 0.6171875 0.6552734375 0.615234375 0.6455078125 0.572265625 0.6103515625 0.5732421875 0.6015625 0.5556640625 0.6015625 0.54296875 0.6220703125 0.54296875 0.6357421875 0.5693359375 0.662109375
0 0.634765625 0.8818359375 0.69140625 0.9306640625 0.70703125 0.9072265625 0.708984375 0.8857421875 0.6962890625 0.87109375 0.6806640625 0.8671875 0.6474609375 0.83984375 0.6416015625 0.841796875 0.6328125 0.8642578125 0.634765625 0.8818359375
0 0.544921875 0.8857421875 0.599609375 0.9267578125 0.61328125 0.9111328125 0.619140625 0.8896484375 0.5693359375 0.84765625 0.5537109375 0.841796875 0.5458984375 0.853515625 0.5390625 0.8525390625 0.544921875 0.8857421875
0 0.341796875 0.6474609375 0.35546875 0.6787109375 0.41015625 0.6455078125 0.41796875 0.6201171875 0.4052734375 0.6015625 0.3935546875 0.599609375 0.3857421875 0.61328125 0.3603515625 0.625 0.341796875 0.6474609375
0 0.1572265625 0.66015625 0.232421875 0.6611328125 0.2333984375 0.619140625 0.1748046875 0.619140625 0.1669921875 0.61328125 0.158203125 0.6240234375 0.1572265625 0.66015625
3 0.353515625 0.8193359375 0.37109375 0.8251953125 0.384765625 0.8212890625 0.384765625 0.8056640625 0.3974609375 0.79296875 0.4072265625 0.794921875 0.423828125 0.7705078125 0.4189453125 0.75390625 0.3779296875 0.724609375 0.3486328125 0.73046875 0.341796875 0.7412109375 0.353515625 0.7666015625 0.353515625 0.8193359375
0 0.25 0.7705078125 0.263671875 0.8017578125 0.32421875 0.7568359375 0.326171875 0.7412109375 0.3173828125 0.72265625 0.3037109375 0.7265625 0.25 0.7705078125
0 0.15625 0.7705078125 0.16796875 0.8017578125 0.236328125 0.7529296875 0.234375 0.7255859375 0.2275390625 0.716796875 0.15625 0.7705078125
0 0.341796875 0.8994140625 0.353515625 0.9267578125 0.4140625 0.8857421875 0.416015625 0.8525390625 0.4052734375 0.83984375 0.341796875 0.8818359375 0.341796875 0.8994140625
0 0.251953125 0.8720703125 0.251953125 0.9072265625 0.3193359375 0.908203125 0.326171875 0.8955078125 0.326171875 0.8623046875 0.2607421875 0.859375 0.251953125 0.8720703125
0 0.154296875 0.9052734375 0.169921875 0.9267578125 0.2177734375 0.890625 0.232421875 0.8857421875 0.23828125 0.8662109375 0.2255859375 0.83984375 0.1904296875 0.865234375 0.1787109375 0.865234375 0.1611328125 0.88671875 0.150390625 0.8876953125 0.154296875 0.9052734375
1 0.7158203125 0.16015625 0.763671875 0.1943359375 0.7705078125 0.1953125 0.8125 0.1591796875 0.82421875 0.1376953125 0.8203125 0.1103515625 0.833984375 0.0791015625 0.7763671875 0.025390625 0.76953125 0.0302734375 0.71484375 0.1513671875 0.7158203125 0.16015625