0 0.19921875 0.8583984375 0.2001953125 0.892578125 0.2666015625 0.892578125 0.27734375 0.8759765625 0.27734375 0.8486328125 0.2099609375 0.845703125 0.19921875 0.8583984375
0 0.29296875 0.8564453125 0.2939453125 0.892578125 0.3603515625 0.892578125 0.365234375 0.8447265625 0.2998046875 0.845703125 0.29296875 0.8564453125
0 0.19921875 0.7353515625 0.2021484375 0.76953125 0.2685546875 0.767578125 0.275390625 0.7568359375 0.275390625 0.7255859375 0.2060546875 0.7265625 0.19921875 0.7353515625
0 0.2041015625 0.60546875 0.2001953125 0.646484375 0.2646484375 0.646484375 0.275390625 0.6337890625 0.27734375 0.6083984375 0.2041015625 0.60546875
0 0.3896484375 0.60546875 0.3857421875 0.646484375 0.4541015625 0.64453125 0.45703125 0.6083984375 0.3896484375 0.60546875
0 0.291015625 0.3642578125 0.296875 0.3837890625 0.3076171875 0.3984375 0.3193359375 0.3984375 0.369140625 0.3564453125 0.3505859375 0.3203125 0.3408203125 0.31640625 0.291015625 0.3642578125
0 0.291015625 0.2392578125 0.30078125 0.2685546875 0.3154296875 0.27734375 0.365234375 0.2392578125 0.3544921875 0.189453125 0.291015625 0.2392578125
0 0.384765625 0.1162109375 0.388671875 0.1376953125 0.4013671875 0.16015625 0.45703125 0.1162109375 0.4423828125 0.072265625 0.384765625 0.1162109375
1 0.26953125 0.7744140625 0.2705078125 0.794921875 0.3251953125 0.833984375 0.375 0.7275390625 0.3349609375 0.6953125 0.3076171875 0.69921875 0.26953125 0.7744140625
1 0.3671875 0.7822265625 0.3779296875 0.80078125 0.4248046875 0.833984375 0.458984375 0.7626953125 0.46484375 0.7275390625 0.4150390625 0.6875 0.40625 0.6923828125 0.3671875 0.7822265625
0 0.265625 0.6513671875 0.2705078125 0.66015625 0.3095703125 0.693359375 0.3291015625 0.6953125 0.357421875 0.6533203125 0.373046875 0.6064453125 0.3232421875 0.56640625 0.2998046875 0.57421875 0.265625 0.6513671875
1 0.265625 0.6513671875 0.2705078125 0.66015625 0.3095703125 0.693359375 0.3291015625 0.6953125 0.357421875 0.6533203125 0.373046875 0.6064453125 0.3232421875 0.56640625 0.2998046875 0.57421875 0.265625 0.6513671875
1 0.1845703125 0.302734375 0.1884765625 0.396484375 0.2119140625 0.404296875 0.2724609375 0.40234375 0.2734375 0.3232421875 0.2451171875 0.30078125 0.1845703125 0.302734375
1 0.37890625 0.3017578125 0.380859375 0.3955078125 0.3935546875 0.404296875 0.453125 0.4033203125 0.4482421875 0.30078125 0.37890625 0.3017578125
1 0.166015625 0.1923828125 0.169921875 0.2119140625 0.193359375 0.2666015625 0.2314453125 0.298828125 0.283203125 0.2607421875 0.259765625 0.1943359375 0.2275390625 0.154296875 0.2021484375 0.1640625 0.166015625 0.1923828125
1 0.177734375 0.0341796875 0.181640625 0.1298828125 0.2060546875 0.15625 0.2392578125 0.1640625 0.2734375 0.1611328125 0.2734375 0.0869140625 0.2451171875 0.033203125 0.177734375 0.0341796875
1 0.265625 0.0576171875 0.287109375 0.1162109375 0.3212890625 0.1796875 0.375 0.1396484375 0.35546875 0.0791015625 0.3251953125 0.017578125 0.265625 0.0576171875
2 0.6005859375 0.837890625 0.599609375 0.8916015625 0.61328125 0.9189453125 0.6259765625 0.921875 0.64453125 0.9091796875 0.6640625 0.8798828125 0.6640625 0.8662109375 0.6337890625 0.837890625 0.6005859375 0.837890625
2 0.689453125 0.8876953125 0.69921875 0.9072265625 0.7197265625 0.921875 0.740234375 0.9091796875 0.755859375 0.8818359375 0.7578125 0.8701171875 0.7353515625 0.83984375 0.689453125 0.8388671875 0.689453125 0.8876953125
2 0.7802734375 0.837890625 0.7783203125 0.8984375 0.8037109375 0.921875 0.8134765625 0.921875 0.8359375 0.9072265625 0.8515625 0.8720703125 0.8193359375 0.837890625 0.7802734375 0.837890625
2 0.6005859375 0.71875 0.599609375 0.7685546875 0.61328125 0.7939453125 0.6240234375 0.798828125 0.6640625 0.7568359375 0.6640625 0.7431640625 0.6318359375 0.716796875 0.6005859375 0.71875
2 0.689453125 0.7197265625 0.69140625 0.7705078125 0.7177734375 0.798828125 0.740234375 0.7802734375 0.7578125 0.7451171875 0.7255859375 0.71875 0.6943359375 0.716796875 0.689453125 0.7197265625
2 0.77734375 0.7626953125 0.787109375 0.7900390625 0.8134765625 0.796875 0.8330078125 0.783203125 0.8515625 0.7548828125 0.849609375 0.7431640625 0.8173828125 0.71875 0.7802734375 0.71875 0.77734375 0.7626953125
3 0.58984375 0.5947265625 0.58984375 0.6572265625 0.6083984375 0.669921875 0.6533203125 0.658203125 0.658203125 0.6513671875 0.650390625 0.6201171875 0.6005859375 0.580078125 0.58984375 0.5947265625
3 0.67578125 0.6494140625 0.68359375 0.6591796875 0.7021484375 0.673828125 0.7431640625 0.66015625 0.751953125 0.6494140625 0.74609375 0.6181640625 0.6845703125 0.576171875 0.67578125 0.6298828125 0.67578125 0.6494140625
2 0.7822265625 0.59765625 0.779296875 0.6455078125 0.7998046875 0.671875 0.8173828125 0.673828125 0.853515625 0.6279296875 0.8291015625 0.6015625 0.7822265625 0.59765625
3 0.5859375 0.3896484375 0.5947265625 0.3984375 0.6474609375 0.392578125 0.658203125 0.3818359375 0.650390625 0.3447265625 0.6083984375 0.310546875 0.599609375 0.3134765625 0.58984375 0.3349609375 0.5859375 0.3896484375
3 0.5859375 0.2705078125 0.599609375 0.2861328125 0.658203125 0.2705078125 0.650390625 0.2158203125 0.6103515625 0.18359375 0.6015625 0.1845703125 0.58984375 0.2138671875 0.5859375 0.2705078125
3 0.58984375 0.0927734375 0.5888671875 0.154296875 0.6064453125 0.162109375 0.6533203125 0.14453125 0.658203125 0.1318359375 0.650390625 0.0888671875 0.6044921875 0.052734375 0.58984375 0.0927734375
2 0.68359375 0.3720703125 0.69921875 0.3955078125 0.7197265625 0.396484375 0.74609375 0.3818359375 0.74609375 0.3447265625 0.7353515625 0.306640625 0.7080078125 0.322265625 0.693359375 0.3427734375 0.68359375 0.3720703125
3 0.67578125 0.2705078125 0.6904296875 0.28515625 0.75 0.2607421875 0.74609375 0.2177734375 0.7041015625 0.18359375 0.677734375 0.2119140625 0.67578125 0.2705078125
3 0.765625 0.3896484375 0.7744140625 0.3984375 0.8193359375 0.3984375 0.84375 0.3876953125 0.845703125 0.3427734375 0.7958984375 0.30859375 0.76953125 0.3291015625 0.765625 0.3896484375
1 0.66796875 0.1259765625 0.6708984375 0.14453125 0.7197265625 0.177734375 0.7421875 0.1474609375 0.767578125 0.0927734375 0.77734375 0.0576171875 0.7236328125 0.015625 0.716796875 0.0185546875 0.66796875 0.1259765625
1 0.763671875 0.2255859375 0.7568359375 0.26171875 0.8095703125 0.298828125 0.849609375 0.2685546875 0.87890625 0.1923828125 0.8193359375 0.150390625 0.78125 0.1923828125 0.763671875 0.2255859375
3 0.76953125 0.0947265625 0.7685546875 0.154296875 0.7822265625 0.16015625 0.8369140625 0.14453125 0.84375 0.1357421875 0.83984375 0.0869140625 0.7958984375 0.052734375 0.76953125 0.0947265625