0 0.7900390625 0.84375 0.72265625 0.8486328125 0.72265625 0.8759765625 0.7314453125 0.892578125 0.7978515625 0.89453125 0.80078125 0.8564453125 0.7900390625 0.84375
0 0.634765625 0.8447265625 0.6396484375 0.892578125 0.70703125 0.8916015625 0.708984375 0.8525390625 0.7021484375 0.84375 0.634765625 0.8447265625
0 0.564453125 0.8193359375 0.564453125 0.9150390625 0.59375 0.9189453125 0.599609375 0.8212890625 0.5693359375 0.81640625 0.564453125 0.8193359375
0 0.6123046875 0.76953125 0.6083984375 0.724609375 0.5390625 0.7294921875 0.5498046875 0.771484375 0.6123046875 0.76953125
1 0.5947265625 0.564453125 0.5390625 0.5947265625 0.537109375 0.6181640625 0.5751953125 0.69921875 0.6201171875 0.66796875 0.634765625 0.6513671875 0.5947265625 0.564453125
2 0.3740234375 0.814453125 0.3544921875 0.822265625 0.345703125 0.8994140625 0.3701171875 0.923828125 0.404296875 0.8857421875 0.3984375 0.8271484375 0.3740234375 0.814453125
2 0.2978515625 0.830078125 0.2646484375 0.81640625 0.25390625 0.9013671875 0.2744140625 0.919921875 0.310546875 0.8916015625 0.322265625 0.8662109375 0.2978515625 0.830078125
2 0.3896484375 0.7109375 0.3544921875 0.69140625 0.34765625 0.7763671875 0.3701171875 0.791015625 0.400390625 0.7685546875 0.40625 0.7353515625 0.3896484375 0.7109375
2 0.412109375 0.6259765625 0.392578125 0.5927734375 0.3642578125 0.57421875 0.3564453125 0.576171875 0.337890625 0.6572265625 0.3740234375 0.662109375 0.4091796875 0.634765625 0.412109375 0.6259765625
2 0.3203125 0.6142578125 0.2998046875 0.58984375 0.2744140625 0.57421875 0.259765625 0.5810546875 0.2548828125 0.662109375 0.2861328125 0.66015625 0.322265625 0.6279296875 0.3203125 0.6142578125
2 0.31640625 0.7451171875 0.294921875 0.7021484375 0.2685546875 0.689453125 0.25 0.7529296875 0.25390625 0.7783203125 0.2802734375 0.794921875 0.314453125 0.7568359375 0.31640625 0.7451171875
2 0.2265625 0.8642578125 0.212890625 0.8330078125 0.1728515625 0.8203125 0.154296875 0.8798828125 0.171875 0.9169921875 0.1884765625 0.9140625 0.220703125 0.8818359375 0.2265625 0.8642578125
2 0.16015625 0.8974609375 0.1767578125 0.91796875 0.193359375 0.9091796875 0.1943359375 0.90234375 0.16015625 0.8818359375 0.16015625 0.8974609375
2 0.236328125 0.6279296875 0.2099609375 0.58984375 0.1728515625 0.57421875 0.154296875 0.6162109375 0.154296875 0.6494140625 0.1806640625 0.669921875 0.20703125 0.6611328125 0.236328125 0.6279296875
2 0.22265625 0.7841796875 0.236328125 0.7412109375 0.2333984375 0.716796875 0.1787109375 0.71484375 0.15234375 0.7392578125 0.150390625 0.7548828125 0.1845703125 0.806640625 0.2060546875 0.806640625 0.22265625 0.7841796875
2 0.796875 0.3564453125 0.798828125 0.3427734375 0.7705078125 0.314453125 0.7314453125 0.32421875 0.724609375 0.3330078125 0.7265625 0.3740234375 0.7509765625 0.40234375 0.7705078125 0.400390625 0.796875 0.3564453125
0 0.705078125 0.3310546875 0.6943359375 0.3203125 0.6396484375 0.361328125 0.6328125 0.3779296875 0.642578125 0.3974609375 0.6494140625 0.3984375 0.7080078125 0.359375 0.705078125 0.3310546875
1 0.62109375 0.3017578125 0.5556640625 0.298828125 0.544921875 0.3271484375 0.546875 0.4033203125 0.6142578125 0.400390625 0.62109375 0.3935546875 0.62109375 0.3017578125
1 0.7548828125 0.166015625 0.7265625 0.2041015625 0.7265625 0.2802734375 0.7900390625 0.283203125 0.8203125 0.2607421875 0.8203125 0.1689453125 0.7548828125 0.166015625
1 0.6533203125 0.166015625 0.63671875 0.2001953125 0.63671875 0.2822265625 0.6982421875 0.283203125 0.720703125 0.2626953125 0.72265625 0.1689453125 0.6533203125 0.166015625
2 0.607421875 0.2138671875 0.5751953125 0.19140625 0.5458984375 0.19921875 0.5390625 0.2216796875 0.55859375 0.2744140625 0.5830078125 0.275390625 0.595703125 0.2666015625 0.607421875 0.2138671875
0 0.796875 0.0849609375 0.7861328125 0.072265625 0.7275390625 0.111328125 0.72265625 0.1357421875 0.732421875 0.1572265625 0.7451171875 0.15625 0.80078125 0.1064453125 0.796875 0.0849609375
0 0.6943359375 0.072265625 0.642578125 0.1044921875 0.6328125 0.1357421875 0.6474609375 0.16015625 0.703125 0.1181640625 0.708984375 0.0966796875 0.6943359375 0.072265625
1 0.5556640625 0.03125 0.546875 0.0712890625 0.544921875 0.1611328125 0.6044921875 0.166015625 0.619140625 0.1357421875 0.619140625 0.0322265625 0.5556640625 0.03125
1 0.412109375 0.3330078125 0.3837890625 0.28515625 0.3388671875 0.310546875 0.322265625 0.3291015625 0.3515625 0.4033203125 0.3681640625 0.421875 0.4228515625 0.3828125 0.412109375 0.3330078125
1 0.31640625 0.3291015625 0.2919921875 0.298828125 0.236328125 0.3388671875 0.2421875 0.3798828125 0.2568359375 0.41015625 0.2841796875 0.41796875 0.33203125 0.3818359375 0.31640625 0.3291015625
1 0.2197265625 0.40234375 0.240234375 0.3759765625 0.212890625 0.3115234375 0.1669921875 0.291015625 0.12109375 0.3291015625 0.126953125 0.3603515625 0.1572265625 0.41015625 0.1943359375 0.41796875 0.2197265625 0.40234375
1 0.3251953125 0.267578125 0.333984375 0.2548828125 0.2939453125 0.173828125 0.2548828125 0.19140625 0.236328125 0.2099609375 0.24609375 0.2568359375 0.2705078125 0.287109375 0.2900390625 0.291015625 0.3251953125 0.267578125
1 0.216796875 0.1962890625 0.1748046875 0.162109375 0.1650390625 0.16015625 0.12109375 0.1923828125 0.1591796875 0.275390625 0.2001953125 0.291015625 0.240234375 0.2626953125 0.216796875 0.1962890625
1 0.4140625 0.0791015625 0.40234375 0.0322265625 0.3369140625 0.03125 0.333984375 0.1259765625 0.341796875 0.1533203125 0.3544921875 0.166015625 0.4130859375 0.1640625 0.4140625 0.0791015625
1 0.3173828125 0.15625 0.33203125 0.1416015625 0.33203125 0.1298828125 0.2783203125 0.013671875 0.2294921875 0.05078125 0.22265625 0.0693359375 0.2614237390625 0.1578038125 0.273921609375 0.1792190390625 0.3173828125 0.15625
1 0.2412109375 0.142578125 0.244140625 0.1279296875 0.2265625 0.0830078125 0.1806640625 0.01953125 0.123046875 0.0263671875 0.111328125 0.0986328125 0.1376953125 0.12890625 0.1982421875 0.16796875 0.2412109375 0.142578125