0 0.5849609375 0.185546875 0.611328125 0.1728515625 0.61328125 0.1455078125 0.5859375 0.0771484375 0.5595703125 0.0859375 0.55078125 0.0947265625 0.5546875 0.1298828125 0.578125 0.1845703125 0.5849609375 0.185546875
0 0.70703125 0.1533203125 0.69921875 0.1162109375 0.6611328125 0.07421875 0.638671875 0.0966796875 0.63671875 0.1259765625 0.669921875 0.1806640625 0.6826171875 0.1875 0.70703125 0.1533203125
0 0.7724609375 0.18359375 0.798828125 0.1494140625 0.76953125 0.0791015625 0.732421875 0.0888671875 0.728515625 0.1103515625 0.751953125 0.1708984375 0.7607421875 0.185546875 0.7724609375 0.18359375
0 0.611328125 0.2626953125 0.5869140625 0.201171875 0.5654296875 0.19921875 0.552734375 0.2158203125 0.552734375 0.2548828125 0.5810546875 0.306640625 0.607421875 0.2861328125 0.611328125 0.2626953125
0 0.703125 0.2802734375 0.6953125 0.2373046875 0.6689453125 0.203125 0.642578125 0.2197265625 0.640625 0.2607421875 0.666015625 0.3076171875 0.6943359375 0.298828125 0.703125 0.2802734375
0 0.796875 0.2861328125 0.78515625 0.2294921875 0.7685546875 0.201171875 0.7333984375 0.212890625 0.728515625 0.2275390625 0.7265625 0.2451171875 0.755859375 0.3095703125 0.7724609375 0.3125 0.796875 0.2861328125
0 0.5966796875 0.42578125 0.609375 0.4072265625 0.611328125 0.3779296875 0.5849609375 0.328125 0.5732421875 0.32421875 0.5595703125 0.333984375 0.55078125 0.3427734375 0.5546875 0.3701171875 0.580078125 0.4228515625 0.5966796875 0.42578125
0 0.6845703125 0.400390625 0.712890625 0.3544921875 0.7060546875 0.33984375 0.6787109375 0.337890625 0.63671875 0.3681640625 0.625 0.3818359375 0.625 0.3974609375 0.6474609375 0.416015625 0.6845703125 0.400390625
0 0.7685546875 0.423828125 0.794921875 0.4052734375 0.79296875 0.3935546875 0.763671875 0.3291015625 0.7568359375 0.326171875 0.7392578125 0.337890625 0.728515625 0.3486328125 0.73828125 0.3876953125 0.75 0.4208984375 0.7685546875 0.423828125
0 0.5810546875 0.837890625 0.5546875 0.8896484375 0.55078125 0.9169921875 0.5751953125 0.9375 0.61328125 0.8408203125 0.5810546875 0.837890625
0 0.705078125 0.8544921875 0.6943359375 0.841796875 0.6708984375 0.8359375 0.6484375 0.8603515625 0.638671875 0.8818359375 0.638671875 0.9208984375 0.6689453125 0.9375 0.705078125 0.8544921875
0 0.3232421875 0.298828125 0.3203125 0.2666015625 0.2890625 0.2099609375 0.2783203125 0.201171875 0.2529296875 0.212890625 0.25 0.2216796875 0.287109375 0.2939453125 0.2998046875 0.3046875 0.3232421875 0.298828125
1 0.6923828125 0.70703125 0.732421875 0.6728515625 0.7099609375 0.591796875 0.6748046875 0.58203125 0.6318359375 0.61328125 0.626953125 0.6318359375 0.642578125 0.6748046875 0.6708984375 0.708984375 0.6923828125 0.70703125
1 0.6181640625 0.822265625 0.6328125 0.7978515625 0.5908203125 0.703125 0.5439453125 0.732421875 0.53515625 0.7412109375 0.541015625 0.7802734375 0.5732421875 0.845703125 0.6181640625 0.822265625
1 0.734375 0.8056640625 0.70703125 0.7353515625 0.6904296875 0.712890625 0.6669921875 0.708984375 0.630859375 0.7294921875 0.626953125 0.7490234375 0.6689453125 0.8359375 0.6923828125 0.83984375 0.734375 0.8056640625
3 0.7724609375 0.693359375 0.80859375 0.6455078125 0.806640625 0.6357421875 0.7763671875 0.61328125 0.724609375 0.6142578125 0.72265625 0.6298828125 0.73828125 0.6806640625 0.7568359375 0.697265625 0.7724609375 0.693359375
3 0.7705078125 0.8203125 0.794921875 0.7978515625 0.806640625 0.7724609375 0.806640625 0.7529296875 0.7705078125 0.7265625 0.7255859375 0.732421875 0.72265625 0.7509765625 0.73828125 0.8017578125 0.7548828125 0.8203125 0.7705078125 0.8203125
2 0.408203125 0.1455078125 0.412109375 0.0908203125 0.3759765625 0.076171875 0.353515625 0.0771484375 0.349609375 0.1103515625 0.361328125 0.1552734375 0.3837890625 0.17578125 0.408203125 0.1455078125
2 0.220703125 0.1611328125 0.224609375 0.1064453125 0.2099609375 0.0859375 0.1640625 0.0908203125 0.150390625 0.1240234375 0.185546875 0.1806640625 0.2001953125 0.185546875 0.220703125 0.1611328125
2 0.408203125 0.2158203125 0.3583984375 0.1875 0.3515625 0.1904296875 0.349609375 0.2568359375 0.3779296875 0.298828125 0.412109375 0.2626953125 0.408203125 0.2158203125
2 0.2080078125 0.287109375 0.228515625 0.2666015625 0.224609375 0.2255859375 0.1982421875 0.19921875 0.162109375 0.2001953125 0.154296875 0.2412109375 0.1787109375 0.279296875 0.1962890625 0.291015625 0.2080078125 0.287109375
2 0.318359375 0.3876953125 0.326171875 0.3525390625 0.3154296875 0.337890625 0.2724609375 0.322265625 0.259765625 0.3251953125 0.25390625 0.3857421875 0.2666015625 0.4140625 0.2880859375 0.41015625 0.318359375 0.3876953125
2 0.234375 0.3837890625 0.224609375 0.3427734375 0.1982421875 0.326171875 0.1708984375 0.322265625 0.166015625 0.3291015625 0.15234375 0.3623046875 0.17578125 0.4091796875 0.2099609375 0.41015625 0.234375 0.3837890625
2 0.2080078125 0.69921875 0.2265625 0.6533203125 0.220703125 0.6142578125 0.16015625 0.6162109375 0.146484375 0.6337890625 0.1484375 0.6455078125 0.1865234375 0.69921875 0.2080078125 0.69921875
2 0.2919921875 0.69921875 0.310546875 0.6611328125 0.310546875 0.6162109375 0.2666015625 0.611328125 0.255859375 0.6240234375 0.25 0.6494140625 0.259765625 0.6708984375 0.2822265625 0.69921875 0.2919921875 0.69921875
2 0.400390625 0.6630859375 0.400390625 0.6142578125 0.3662109375 0.61328125 0.3388671875 0.625 0.341796875 0.6513671875 0.365234375 0.6923828125 0.3818359375 0.69921875 0.400390625 0.6630859375
2 0.1943359375 0.82421875 0.22265625 0.7802734375 0.220703125 0.7353515625 0.1787109375 0.728515625 0.1640625 0.7392578125 0.15234375 0.7568359375 0.1640625 0.7998046875 0.1767578125 0.82421875 0.1943359375 0.82421875
2 0.310546875 0.7822265625 0.310546875 0.7353515625 0.2763671875 0.732421875 0.255859375 0.7470703125 0.251953125 0.7841796875 0.2822265625 0.82421875 0.2978515625 0.82421875 0.310546875 0.7822265625
2 0.3818359375 0.82421875 0.40234375 0.7744140625 0.400390625 0.7353515625 0.36328125 0.7275390625 0.34375 0.7568359375 0.34375 0.7744140625 0.37109375 0.8193359375 0.3818359375 0.82421875
2 0.22265625 0.9130859375 0.220703125 0.8544921875 0.1845703125 0.853515625 0.16015625 0.8779296875 0.15625 0.8994140625 0.177734375 0.9482421875 0.2080078125 0.943359375 0.22265625 0.9130859375
2 0.2919921875 0.947265625 0.310546875 0.9013671875 0.310546875 0.8544921875 0.2705078125 0.8515625 0.251953125 0.8798828125 0.25 0.8994140625 0.259765625 0.9248046875 0.2822265625 0.94921875 0.2919921875 0.947265625
2 0.3876953125 0.947265625 0.40234375 0.8955078125 0.400390625 0.8544921875 0.3662109375 0.853515625 0.3515625 0.8662109375 0.34375 0.8974609375 0.353515625 0.9228515625 0.3740234375 0.94921875 0.3876953125 0.947265625
3 0.5810546875 0.693359375 0.623046875 0.6474609375 0.619140625 0.6279296875 0.5908203125 0.611328125 0.5498046875 0.611328125 0.54296875 0.6181640625 0.5390625 0.6474609375 0.548828125 0.6826171875 0.5634765625 0.693359375 0.5810546875 0.693359375