3 0.6767578125 0.697265625 0.703125 0.6435546875 0.69140625 0.6220703125 0.697265625 0.5986328125 0.6845703125 0.591796875 0.6748046875 0.609375 0.6611328125 0.60546875 0.6513671875 0.619140625 0.6376953125 0.615234375 0.634765625 0.6201171875 0.630859375 0.6376953125 0.65234375 0.6572265625 0.65625 0.6826171875 0.6767578125 0.697265625
3 0.7412109375 0.671875 0.7900390625 0.671875 0.79296875 0.6533203125 0.806640625 0.6474609375 0.806640625 0.6357421875 0.77734375 0.6142578125 0.7705078125 0.591796875 0.73828125 0.5966796875 0.73828125 0.6376953125 0.72265625 0.6435546875 0.72265625 0.6572265625 0.7412109375 0.671875
3 0.7681640625 0.82421875 0.7759765625 0.82421875 0.800390625 0.7685546875 0.78671875 0.7470703125 0.790625 0.7216796875 0.7798828125 0.71484375 0.7701171875 0.73046875 0.7525390625 0.724609375 0.7427734375 0.740234375 0.7291015625 0.736328125 0.72421875 0.7431640625 0.722265625 0.7568359375 0.745703125 0.7822265625 0.745703125 0.7998046875 0.7681640625 0.82421875
2 0.703125 0.7841796875 0.697265625 0.7587890625 0.7109375 0.7470703125 0.7109375 0.7373046875 0.7060546875 0.728515625 0.6884765625 0.73828125 0.6748046875 0.724609375 0.6572265625 0.720703125 0.650390625 0.7255859375 0.64453125 0.7548828125 0.662109375 0.7958984375 0.6748046875 0.806640625 0.703125 0.7841796875
3 0.6005859375 0.798828125 0.603515625 0.7763671875 0.619140625 0.7724609375 0.619140625 0.7568359375 0.6015625 0.7509765625 0.59765625 0.7373046875 0.583984375 0.7314453125 0.5771484375 0.712890625 0.55859375 0.7138671875 0.55859375 0.7568359375 0.54296875 0.7626953125 0.546875 0.7978515625 0.6005859375 0.798828125
3 0.6005859375 0.92578125 0.603515625 0.9013671875 0.619140625 0.8974609375 0.619140625 0.8818359375 0.6015625 0.8740234375 0.595703125 0.8544921875 0.58203125 0.8486328125 0.5771484375 0.83203125 0.55859375 0.8349609375 0.55859375 0.8759765625 0.54296875 0.8837890625 0.546875 0.9248046875 0.6005859375 0.92578125
3 0.6943359375 0.92578125 0.69921875 0.8994140625 0.712890625 0.8955078125 0.7109375 0.8798828125 0.6953125 0.8740234375 0.685546875 0.8525390625 0.6787109375 0.8515625 0.6650390625 0.83203125 0.6484375 0.8349609375 0.6484375 0.8759765625 0.634765625 0.8818359375 0.642578125 0.9248046875 0.6943359375 0.92578125
3 0.712890625 0.8955078125 0.7109375 0.8798828125 0.6650390625 0.83203125 0.6484375 0.8349609375 0.634765625 0.8818359375 0.642578125 0.9248046875 0.6943359375 0.92578125 0.712890625 0.8955078125
3 0.80859375 0.3779296875 0.80859375 0.3662109375 0.7705078125 0.326171875 0.755859375 0.3291015625 0.73828125 0.3564453125 0.73828125 0.3994140625 0.7861328125 0.3984375 0.80859375 0.3779296875
2 0.80859375 0.3662109375 0.7705078125 0.326171875 0.7568359375 0.328125 0.740234375 0.3525390625 0.7412109375 0.40234375 0.7744140625 0.40234375 0.80859375 0.3798828125 0.80859375 0.3662109375
2 0.712890625 0.3505859375 0.7080078125 0.33984375 0.6611328125 0.330078125 0.650390625 0.3369140625 0.64453125 0.3759765625 0.6630859375 0.41015625 0.703125 0.3798828125 0.712890625 0.3505859375
2 0.607421875 0.3818359375 0.619140625 0.3466796875 0.6103515625 0.337890625 0.5673828125 0.330078125 0.55859375 0.3349609375 0.552734375 0.3720703125 0.568359375 0.4072265625 0.5751953125 0.408203125 0.607421875 0.3818359375
2 0.712890625 0.3505859375 0.7080078125 0.33984375 0.6611328125 0.330078125 0.650390625 0.3369140625 0.64453125 0.3759765625 0.6630859375 0.41015625 0.703125 0.3798828125 0.712890625 0.3505859375
2 0.8046875 0.2197265625 0.7568359375 0.20703125 0.740234375 0.2177734375 0.732421875 0.2509765625 0.7529296875 0.2890625 0.798828125 0.2529296875 0.8046875 0.2197265625
2 0.703125 0.2548828125 0.7109375 0.2197265625 0.6845703125 0.208984375 0.6572265625 0.20703125 0.650390625 0.2138671875 0.64453125 0.2568359375 0.658203125 0.2880859375 0.6650390625 0.2890625 0.703125 0.2548828125
2 0.603515625 0.2646484375 0.619140625 0.2236328125 0.6142578125 0.21484375 0.5888671875 0.208984375 0.55859375 0.2119140625 0.552734375 0.2490234375 0.568359375 0.2880859375 0.5751953125 0.2890625 0.603515625 0.2646484375
2 0.796875 0.1298828125 0.8046875 0.0966796875 0.7802734375 0.08203125 0.7529296875 0.08203125 0.740234375 0.0966796875 0.732421875 0.1318359375 0.74609375 0.1650390625 0.7548828125 0.16796875 0.796875 0.1298828125
2 0.6953125 0.1416015625 0.7109375 0.0947265625 0.6826171875 0.080078125 0.6572265625 0.08203125 0.6484375 0.0966796875 0.64453125 0.1376953125 0.65625 0.1650390625 0.6650390625 0.169921875 0.6953125 0.1416015625
2 0.623046875 0.1201171875 0.5830078125 0.078125 0.5732421875 0.080078125 0.560546875 0.1005859375 0.55859375 0.1591796875 0.5947265625 0.162109375 0.62109375 0.1357421875 0.623046875 0.1201171875
2 0.22265625 0.2802734375 0.23046875 0.2451171875 0.2021484375 0.216796875 0.1669921875 0.216796875 0.166015625 0.2685546875 0.185546875 0.2998046875 0.2001953125 0.306640625 0.22265625 0.2802734375
1 0.4140625 0.5986328125 0.3505859375 0.595703125 0.3388671875 0.603515625 0.333984375 0.6962890625 0.4033203125 0.69921875 0.4140625 0.6767578125 0.4140625 0.5986328125
1 0.32421875 0.5986328125 0.2626953125 0.595703125 0.2392578125 0.60546875 0.234375 0.6982421875 0.3017578125 0.69921875 0.32421875 0.6767578125 0.32421875 0.5986328125
1 0.234375 0.6005859375 0.2294921875 0.595703125 0.1728515625 0.595703125 0.1357421875 0.609375 0.1357421875 0.69921875 0.2021484375 0.69921875 0.23046875 0.6806640625 0.234375 0.6005859375
1 0.4140625 0.7177734375 0.3525390625 0.716796875 0.333984375 0.7412109375 0.333984375 0.8310546875 0.4033203125 0.83203125 0.4140625 0.7978515625 0.4140625 0.7177734375
1 0.322265625 0.7177734375 0.2607421875 0.716796875 0.23828125 0.7373046875 0.234375 0.8271484375 0.3017578125 0.83203125 0.32421875 0.7939453125 0.322265625 0.7177734375
1 0.234375 0.7197265625 0.1689453125 0.716796875 0.1376953125 0.73828125 0.1328125 0.8291015625 0.2060546875 0.830078125 0.232421875 0.7978515625 0.234375 0.7197265625
1 0.412109375 0.8369140625 0.3525390625 0.8359375 0.3359375 0.8701171875 0.333984375 0.9658203125 0.4013671875 0.96875 0.4140625 0.9208984375 0.412109375 0.8369140625
1 0.322265625 0.8369140625 0.2626953125 0.8359375 0.234375 0.8720703125 0.234375 0.9677734375 0.2978515625 0.96875 0.32421875 0.9150390625 0.322265625 0.8369140625
1 0.23046875 0.8388671875 0.1708984375 0.837890625 0.1328125 0.8798828125 0.1328125 0.9677734375 0.1962890625 0.96875 0.23046875 0.9248046875 0.23046875 0.8388671875
1 0.423828125 0.3935546875 0.3837890625 0.3046875 0.3681640625 0.306640625 0.3310546875 0.3359375 0.322265625 0.3505859375 0.3583984375 0.427734375 0.3798828125 0.4296875 0.423828125 0.3935546875
1 0.330078125 0.3974609375 0.33203125 0.3818359375 0.2998046875 0.31640625 0.2685546875 0.306640625 0.2353515625 0.33203125 0.2265625 0.3505859375 0.2568359375 0.42578125 0.2861328125 0.431640625 0.330078125 0.3974609375
1 0.240234375 0.3974609375 0.21875 0.3271484375 0.1943359375 0.306640625 0.1767578125 0.30078125 0.1337890625 0.33203125 0.12109375 0.3525390625 0.1552734375 0.42578125 0.1923828125 0.43359375 0.240234375 0.3974609375
1 0.41796875 0.1142578125 0.3837890625 0.03125 0.3310546875 0.06640625 0.322265625 0.0830078125 0.3740234375 0.193359375 0.423828125 0.1533203125 0.41796875 0.1142578125
1 0.244140625 0.1201171875 0.216796875 0.0791015625 0.1630859375 0.03515625 0.12109375 0.0322265625 0.11328125 0.1142578125 0.1357421875 0.140625 0.2158203125 0.193359375 0.244140625 0.1201171875
1 0.333984375 0.2744140625 0.2919921875 0.171875 0.2763671875 0.166015625 0.22265625 0.2099609375 0.24609375 0.2763671875 0.2685546875 0.3046875 0.2900390625 0.30859375 0.333984375 0.2744140625
2 0.322265625 0.1220703125 0.2978515625 0.08984375 0.26171875 0.0908203125 0.26171875 0.1435546875 0.2919921875 0.181640625 0.310546875 0.1611328125 0.322265625 0.1220703125
2 0.4140625 0.2587890625 0.4140625 0.2431640625 0.3916015625 0.216796875 0.3583984375 0.216796875 0.35546875 0.2666015625 0.37109375 0.3017578125 0.3837890625 0.3046875 0.4140625 0.2587890625