0 0.236328125 0.1201171875 0.2275390625 0.107421875 0.158203125 0.1083984375 0.15625 0.1416015625 0.1708984375 0.15625 0.236328125 0.1533203125 0.236328125 0.1201171875
1 0.2138671875 0.314453125 0.24609375 0.2587890625 0.24609375 0.2451171875 0.1669921875 0.166015625 0.146484375 0.1767578125 0.119140625 0.2470703125 0.1298828125 0.263671875 0.1962890625 0.310546875 0.2138671875 0.314453125
0 0.41015625 0.2333984375 0.412109375 0.2177734375 0.3955078125 0.201171875 0.380859375 0.2041015625 0.353515625 0.2646484375 0.349609375 0.2958984375 0.3798828125 0.302734375 0.396484375 0.2783203125 0.41015625 0.2333984375
1 0.310546875 0.4306640625 0.333984375 0.3701171875 0.3212890625 0.33984375 0.2548828125 0.30078125 0.2265625 0.3583984375 0.22265625 0.3818359375 0.2646484375 0.419921875 0.2900390625 0.435546875 0.310546875 0.4306640625
0 0.1591796875 0.35546875 0.1611328125 0.392578125 0.234375 0.3935546875 0.2255859375 0.35546875 0.1591796875 0.35546875
0 0.2333984375 0.619140625 0.1669921875 0.61328125 0.158203125 0.6240234375 0.1591796875 0.66015625 0.2333984375 0.66015625 0.236328125 0.6552734375 0.2333984375 0.619140625
0 0.41796875 0.6181640625 0.4052734375 0.6015625 0.3935546875 0.599609375 0.357421875 0.6279296875 0.341796875 0.6474609375 0.3564453125 0.6796875 0.4072265625 0.6484375 0.41796875 0.6181640625
0 0.234375 0.7275390625 0.2236328125 0.716796875 0.158203125 0.7685546875 0.162109375 0.7919921875 0.1728515625 0.802734375 0.236328125 0.7548828125 0.234375 0.7275390625
0 0.326171875 0.7412109375 0.318359375 0.7236328125 0.3095703125 0.72265625 0.2578125 0.7607421875 0.25 0.7763671875 0.2666015625 0.802734375 0.32421875 0.7568359375 0.326171875 0.7412109375
2 0.3818359375 0.826171875 0.41796875 0.7783203125 0.419921875 0.7548828125 0.3779296875 0.724609375 0.345703125 0.7294921875 0.341796875 0.7490234375 0.349609375 0.8076171875 0.3564453125 0.822265625 0.3818359375 0.826171875
0 0.23828125 0.8662109375 0.2236328125 0.83984375 0.1533203125 0.88671875 0.15234375 0.9013671875 0.1748046875 0.927734375 0.2314453125 0.888671875 0.23828125 0.8662109375
0 0.3232421875 0.859375 0.25390625 0.8623046875 0.2529296875 0.908203125 0.3203125 0.9072265625 0.326171875 0.8935546875 0.3232421875 0.859375
0 0.416015625 0.8525390625 0.4013671875 0.83984375 0.341796875 0.8818359375 0.34375 0.9052734375 0.3583984375 0.927734375 0.416015625 0.8837890625 0.416015625 0.8525390625
0 0.615234375 0.6455078125 0.5732421875 0.6015625 0.552734375 0.6044921875 0.54296875 0.6357421875 0.5693359375 0.662109375 0.6044921875 0.681640625 0.615234375 0.6455078125
1 0.6279296875 0.8125 0.6328125 0.7978515625 0.5888671875 0.701171875 0.5478515625 0.728515625 0.53515625 0.7412109375 0.537109375 0.7666015625 0.5771484375 0.849609375 0.6279296875 0.8125
1 0.732421875 0.6767578125 0.73046875 0.6572265625 0.6982421875 0.58984375 0.6748046875 0.58203125 0.626953125 0.6162109375 0.638671875 0.6669921875 0.6689453125 0.70703125 0.6884765625 0.70703125 0.732421875 0.6767578125
1 0.6865234375 0.7109375 0.6669921875 0.708984375 0.626953125 0.7392578125 0.6748046875 0.849609375 0.732421875 0.8076171875 0.712890625 0.7490234375 0.6865234375 0.7109375
1 0.83203125 0.9365234375 0.806640625 0.8623046875 0.7705078125 0.822265625 0.7275390625 0.849609375 0.716796875 0.8603515625 0.7265625 0.8955078125 0.7783203125 0.982421875 0.83203125 0.9365234375
0 0.61328125 0.8837890625 0.5595703125 0.841796875 0.54296875 0.8603515625 0.544921875 0.8857421875 0.6025390625 0.927734375 0.6171875 0.8994140625 0.61328125 0.8837890625
0 0.705078125 0.8837890625 0.6474609375 0.83984375 0.6328125 0.8623046875 0.638671875 0.8896484375 0.6943359375 0.935546875 0.708984375 0.9013671875 0.705078125 0.8837890625
0 0.7998046875 0.68359375 0.8125 0.6572265625 0.8125 0.6396484375 0.7548828125 0.60546875 0.73046875 0.6044921875 0.71875 0.6201171875 0.720703125 0.6318359375 0.7763671875 0.681640625 0.7998046875 0.68359375
0 0.810546875 0.7744140625 0.810546875 0.7626953125 0.7470703125 0.71484375 0.7265625 0.7236328125 0.72265625 0.7529296875 0.7724609375 0.798828125 0.7919921875 0.802734375 0.810546875 0.7744140625
3 0.6015625 0.1630859375 0.6015625 0.0927734375 0.5830078125 0.0703125 0.57421875 0.0732421875 0.544921875 0.1181640625 0.54296875 0.1591796875 0.5810546875 0.18359375 0.5947265625 0.18359375 0.6015625 0.1630859375
3 0.6015625 0.2900390625 0.6015625 0.2177734375 0.5830078125 0.1953125 0.572265625 0.1982421875 0.544921875 0.2431640625 0.54296875 0.2802734375 0.5810546875 0.302734375 0.5927734375 0.302734375 0.6015625 0.2900390625
3 0.6015625 0.3466796875 0.5830078125 0.318359375 0.572265625 0.3232421875 0.544921875 0.3720703125 0.5458984375 0.40234375 0.5791015625 0.421875 0.6015625 0.4169921875 0.6015625 0.3466796875
3 0.697265625 0.0927734375 0.6787109375 0.072265625 0.666015625 0.0751953125 0.634765625 0.1337890625 0.6357421875 0.162109375 0.6845703125 0.169921875 0.6953125 0.1630859375 0.697265625 0.0927734375
1 0.6884765625 0.302734375 0.708984375 0.2783203125 0.734375 0.2119140625 0.6923828125 0.17578125 0.6689453125 0.1796875 0.6328125 0.2509765625 0.62890625 0.2744140625 0.6357421875 0.287109375 0.6650390625 0.3046875 0.6884765625 0.302734375
1 0.6884765625 0.435546875 0.708984375 0.4169921875 0.73046875 0.3427734375 0.6962890625 0.302734375 0.6767578125 0.3046875 0.654296875 0.3193359375 0.62890625 0.3759765625 0.626953125 0.3935546875 0.634765625 0.4052734375 0.6669921875 0.43359375 0.6884765625 0.435546875
1 0.84375 0.1123046875 0.833984375 0.0771484375 0.8203125 0.0595703125 0.7744140625 0.025390625 0.728515625 0.1201171875 0.710009465625 0.167619090625 0.7705078125 0.193359375 0.8125 0.1591796875 0.84375 0.1123046875
3 0.79296875 0.2861328125 0.79296875 0.2197265625 0.7685546875 0.1953125 0.7578125 0.1982421875 0.72265625 0.2587890625 0.72265625 0.2783203125 0.7685546875 0.302734375 0.79296875 0.2861328125
1 0.806640625 0.4189453125 0.833984375 0.3447265625 0.7763671875 0.30078125 0.744140625 0.3212890625 0.724609375 0.3681640625 0.71875 0.3974609375 0.7626953125 0.431640625 0.7802734375 0.431640625 0.806640625 0.4189453125