0 0.196875 0.759375 0.08671875 0.125
0 0.2875 0.76015625 0.08046875 0.1234375
0 0.3890625 0.76796875 0.0796875 0.128125
0 0.196875 0.8796875 0.08984375 0.08984375
0 0.284375 0.89453125 0.0609375 0.11875
0 0.38046875 0.88515625 0.1 0.1203125
0 0.5796875 0.6328125 0.08671875 0.10859375
0 0.66796875 0.63125 0.09609375 0.10546875
0 0.76796875 0.6421875 0.08203125 0.065625
0 0.571875 0.76171875 0.09609375 0.1390625
0 0.67421875 0.75859375 0.0796875 0.1359375
0 0.76171875 0.76015625 0.06015625 0.1203125
0 0.58203125 0.88515625 0.08046875 0.07890625
0 0.66796875 0.89375 0.0578125 0.1203125
0 0.7578125 0.88203125 0.1046875 0.1109375
0 0.5796875 0.13203125 0.08046875 0.09765625
0 0.6703125 0.12890625 0.0828125 0.10703125
0 0.76171875 0.12578125 0.0828125 0.08828125
0 0.5734375 0.25703125 0.08671875 0.1234375
0 0.67265625 0.25390625 0.08046875 0.1109375
0 0.76484375 0.25078125 0.0734375 0.1109375
0 0.5796875 0.375 0.08671875 0.0515625
0 0.671875 0.37734375 0.04296875 0.1171875
0 0.759375 0.38046875 0.08671875 0.10078125
0 0.150390625 0.1028645828125 0.1494140625 0.140625 0.2138671875 0.1848958328125 0.23828125 0.1809895828125 0.2353515625 0.1171875 0.1650390625 0.08072916718749999 0.150390625 0.1028645828125
0 0.302734375 0.10546875 0.2744140625 0.06770833281250001 0.2646484375 0.06510416718749999 0.2509765625 0.08072916718749999 0.25 0.1236979171875 0.26171875 0.1471354171875 0.2880859375 0.1822916671875 0.3251953125 0.1822916671875 0.32421875 0.13671875 0.302734375 0.10546875
0 0.42578125 0.1653645828125 0.4228515625 0.09895833281250001 0.337890625 0.1002604171875 0.3408203125 0.1692708328125 0.42578125 0.1653645828125
0 0.1962890625 0.1979166671875 0.1630859375 0.20052083281250002 0.1484375 0.23046875 0.1767578125 0.2682291671875 0.2060546875 0.3020833328125 0.23828125 0.2981770828125 0.236328125 0.2513020828125 0.1962890625 0.1979166671875
0 0.30078125 0.20182291718749998 0.2509765625 0.20052083281250002 0.25 0.22786458281250002 0.275390625 0.30078125 0.3095703125 0.3177083328125 0.32421875 0.2981770828125 0.32421875 0.26953125 0.30078125 0.20182291718749998
0 0.36328125 0.31640625 0.3955078125 0.3177083328125 0.400390625 0.20442708281250002 0.3974609375 0.1979166671875 0.36328125 0.20442708281250002 0.36328125 0.31640625
0 0.236328125 0.3971354171875 0.2333984375 0.3489583328125 0.1484375 0.3502604171875 0.1474609375 0.40625 0.236328125 0.3971354171875
0 0.26171875 0.4309895828125 0.3095703125 0.4348958328125 0.30859375 0.33203125 0.2861328125 0.3177083328125 0.2646484375 0.3177083328125 0.26171875 0.4309895828125
0 0.4228515625 0.3645833328125 0.3740234375 0.3333333328125 0.349609375 0.3346354171875 0.3359375 0.35546875 0.3427734375 0.3854166671875 0.3916015625 0.4192708328125 0.4111328125 0.4140625 0.42578125 0.39453125 0.4228515625 0.3645833328125
0 0.1640625 0.6028645828125 0.15625 0.6341145828125 0.1884765625 0.6822916671875 0.236328125 0.6809895828125 0.23828125 0.63671875 0.2099609375 0.6015625 0.1640625 0.6028645828125
0 0.2880859375 0.5833333328125 0.2646484375 0.5833333328125 0.25 0.6002604171875 0.25 0.6471354171875 0.2744140625 0.6822916671875 0.3056640625 0.6979166671875 0.326171875 0.67578125 0.322265625 0.6341145828125 0.2880859375 0.5833333328125
0 0.3388671875 0.6666666671875 0.4208984375 0.6666666671875 0.42578125 0.6575520828125 0.4248046875 0.6145833328125 0.3388671875 0.6171875 0.3388671875 0.6666666671875